65095
55349
10611
4026
84914
131118
27288
55293
55297
5981
51263
92092
7515
7518
51284
10966
2317
4738
57727
64708
51603
260293
270
271
55835
80207
23446
80204
81628
7884
57470
205428
7862
81858
7869
4814
79810
79814
254295
26027
64901
9419
51264
83871
9639
22876
9322
83878
9324
9325
54952
8942
54954
7264
118932
6209
26973
5119
54776
98
112950
10569
5291
1993
1996
83478
84277
9181
5409
7675
22818
79002
284004
1756
29767
1175
29842
79627
5531
1284
1287
11168
58526
1282
1288
11162
79719
29101
79711
79710
7187
8548
6575
55119
5625
5621
406
7690
1376
8498
28965
28966
23476
3837
23473
23479
55624
10884
4033
28985
5991
5993
4036
51274
51078
373
55020
55022
65268
65266
65267
9877
6780
6782
84878
159090
4726
64841
51611
64115
3745
4621
4622
4624
4626
4629
57661
57664
26146
2272
64599
11152
51102
9246
56919
79829
3690
4820
9402
7984
9406
404672
10626
10152
202559
10409
22803
23151
94160
2697
90678
255626
6814
10579
10574
10575
10576
24140
1965
1612
7329
24149
138474
2873
2874
2879
80818
79016
79017
5447
7062
169611
29801
1767
1144
23042
50804
5509
114876
2962
540
8714
8717
126070
29110
23604
51031
7220
126382
7443
127253
6566
51118
7681
1384
23281
1386
23283
23466
23469
55326
55327
65985
65987
4286
253152
367
51593
7531
55252
55251
9253
6176
10989
4750
6772
6773
9967
5876
56902
3756
2194
2202
51132
57410
124739
94005
85451
80174
4521
6195
139596
2735
345778
2737
9611
9349
5295
10163
5290
10160
9185
57092
83858
10365
83855
84077
7203
84078
7205
8637
10763
80004
6229
51562
10507
1975
1602
83451
8850
132320
3321
5473
3326
55704
79027
84498
8148
6999
1155
6993
5514
22875
55
11101
51
29903
8030
23677
23678
131076
7341
728642
5609
10025
55139
1390
23499
150368
3815
23253
8454
8452
23258
4297
6428
4293
23380
51588
23382
23387
23389
55005
56987
55793
6168
81563
55790
55796
55795
51631
10994
84817
55643
55313
5864
27127
60491
64131
64130
57701
226
224
222
221
2215
6450
57647
57644
4209
51128
51125
6696
159
90580
254394
100289635
148423
93974
6341
85440
6342
26054
9600
57336
2720
163081
10174
2729
7942
5048
5046
222194
22824
8996
9517
10771
63898
80018
134553
84626
9779
10516
50808
1942
3251
10247
122481
54502
7040
7043
7042
57132
7049
25800
79033
79034
129401
282974
375790
284217
1123
8604
54039
79724
79726
284695
643641
256643
3024
29916
89953
8736
8737
282808
283337
653583
8932
8048
50862
4190
4358
4357
195814
25970
11005
55125
23066
23062
339318
284184
115294
11345
55015
6434
6433
197322
23397
7553
7555
55276
4776
84823
26286
201164
4179
5819
9941
55656
9945
5813
5817
4619
4618
55870
57658
2222
124245
90594
4507
339829
80150
2539
152518
64121
2719
22839
7227
5077
1832
56896
1838
146050
6249
80028
10746
10743
10525
10529
1954
252969
1952
400569
6169
8872
138428
387032
54516
84705
125919
84520
7030
54332
58491
3300
5252
26005
143888
112483
92421
79753
79754
26999
3015
2066
514
8503
8502
114884
23122
147700
2886
11016
8614
23013
3872
23239
26528
23235
8470
8473
7565
5715
5711
7767
7769
55208
55201
3908
3909
23345
6744
23341
81545
4163
64802
51329
55667
51496
55846
202
208
440503
55681
2237
10827
5934
5932
25766
51142
153478
3491
2091
3655
3572
2099
140462
140467
140465
80145
26275
5064
5066
197407
94121
9175
56886
1829
1822
2140
10534
4155
10539
9712
9716
3475
836
84285
118430
128178
54520
7022
7021
27
7026
3312
9391
5241
7020
162979
3005
3007
3006
3008
1038
1039
509
1212
57547
23640
400
23132
23131
6522
25942
2896
11065
2892
8660
1107
8665
8669
4087
4088
4089
8408
23228
23225
7572
55074
55075
6416
51002
374354
3911
55213
55210
3918
8310
23351
81550
4795
4790
5837
8086
27113
5832
4154
5831
11252
51319
9927
217
64783
64784
116362
218
55696
55692
55691
51176
10813
5903
10811
5905
7803
3480
57125
3487
90933
3645
3643
64960
117145
6396
56899
135458
4898
10325
10326
100272147
7975
9146
9497
90627
1855
1856
328
10078
2178
9545
9541
9727
9724
9722
84294
139886
1937
10785
3268
1938
7528
24139
22981
841
8898
8897
8894
203054
152137
22826
7014
1739
1738
1730
54798
1736
552891
29896
755
29890
79080
11098
6888
1027
1020
83741
79776
83987
440093
5641
11078
29074
1113
8676
23035
23216
8065
23211
23218
26509
11316
11315
11314
26505
11311
23588
7589
7586
7581
7582
25836
7748
374654
221662
374659
23361
23360
6726
26472
4784
4149
93624
4147
51309
3855
55536
64770
6095
51163
28974
154791
51761
10802
140809
79885
57111
3667
6385
6383
3661
8661
27304
389362
64425
153527
57576
9960
80184
9158
6271
6272
904
908
2617
9733
9732
9734
9739
64222
3298
7343
5138
10797
10793
3458
54676
7003
7004
29087
5229
5224
8930
90161
22885
5886
29883
5885
255426
29887
254827
7175
6894
2946
3069
3068
2940
57804
83752
129025
83992
157310
79786
11043
54102
8790
8243
1471
29062
1477
1475
1478
1479
23024
5464
8425
129804
66005
51550
23597
4221
493
5586
6478
6472
29
6474
23111
91368
6718
6710
6711
9905
51377
9901
4133
4137
55529
124997
92922
4047
6662
6663
55605
51755
977
79890
7737
79896
3660
3663
2280
57580
57584
135293
90390
10901
57217
64434
64343
9124
9126
10657
10656
10651
5033
1871
7913
7915
53917
26135
6284
6282
182
26137
6046
189
2117
54480
54487
113246
2629
5834
5108
10018
9586
9585
1911
9236
10010
1917
10014
54805
26037
54801
861
133619
4013
84188
346689
163050
10274
133121
5213
10473
221178
8927
80314
22898
22893
80318
6868
7109
2977
3050
3029
5364
79159
7355
79155
4301
4306
667
57082
663
92552
30834
3281
1464
8653
3280
8654
1315
144100
1312
9825
6447
9826
9821
27079
4236
9829
6919
5590
23166
89890
55082
55738
23660
6709
51691
9913
4128
9919
9918
64750
8516
153657
6674
6670
10495
4054
4052
27250
729440
10492
27095
50618
56998
3612
3613
56994
60529
25782
151903
166614
2564
90410
54665
26232
9133
7295
9135
7297
5027
57480
966
967
960
961
4681
6294
26122
57178
152926
80271
10005
5111
54474
54477
122060
2631
254552
147912
9223
9221
54875
54876
158471
871
2037
10489
2035
4597
4598
10483
84171
4841
10260
84790
3010
54617
10464
10465
282996
114823
8910
80303
54903
54902
11196
767
6872
1072
84552
1677
678
284611
4335
673
29993
8463
91768
22897
284273
1326
9851
4208
6452
8139
23576
5763
4204
4205
133957
23172
50809
23177
23178
91612
55727
55720
148022
11216
93611
11214
51428
51427
51426
51422
117583
56163
6609
84952
27243
4065
27248
93058
10859
5787
5783
51222
51735
3607
63979
116988
116987
25797
6117
10923
64746
51646
27336
10928
2356
10678
57018
10670
64411
1890
79659
79921
128239
81846
26119
2648
10073
10072
5165
54467
22948
56949
79961
3425
2000
167555
4858
4857
4772
4851
57381
10454
10101
3550
84307
54910
1793
11188
1795
7128
7125
1062
157638
84547
6595
3148
5414
5413
91752
91750
79047
83658
118460
79666
79663
440
115209
9696
23091
283234
23097
8120
39
7705
7702
32
31
30
79269
10787
51332
23142
23140
91801
64210
11226
51435
375449
7416
7415
149986
7273
545
55379
200845
84948
51232
4077
84941
5797
51729
51720
51726
3636
3633
55972
55970
55975
94274
2346
2342
55577
55573
55572
221806
57530
9112
57536
283820
85377
949
4664
4665
4666
85378
4913
96764
9205
10063
57447
5170
9823
5174
10069
9209
3416
3417
64061
121512
3418
56950
56952
9828
4860
9687
9061
9060
10286
10287
9667
9662
10443
84333
84330
22841
10592
8971
10598
54927
4489
84448
2901
2904
2908
84445
701
88
91107
167838
344657
81
1659
1650
1656
1654
583
8204
3150
3157
3155
196513
339448
91746
83640
79677
79672
4267
23558
1345
9878
6924
51535
9871
11155
11157
7716
92106
5546
23158
1501
126526
3084
25861
3082
23331
23332
23336
130535
8379
8574
5894
3887
85379
6622
6620
23423
84939
4000
322
65125
3628
155435
65250
3622
57700
166378
2339
57708
201292
51663
10948
51667
64897
27352
572
3716
3712
57522
57521
221830
9474
9475
79901
83481
6002
200186
9202
2483
2245
57634
124790
2241
57147
57455
9276
7392
998
22924
81888
84144
84140
79879
84142
22930
138151
2068
6310
10612
80139
26000
2064
2794
220988
9097
10439
317749
9650
9656
9654
9658
7247
84324
7248
4496
4494
2938
2939
2936
84450
5321
64754
1643
54620
8813
8812
8819
11097
342096
9457
151613
54851
3169
2800
2801
2805
5436
1429
1428
115353
147687
79065
79643
23523
23528
79649
466
6241
6778
51523
202018
9867
132299
58504
58500
25851
8567
23186
51412
5884
23189
3185
25925
27158
221357
51388
220082
55607
55602
114791
374900
81551
27293
26589
51091
9885
9882
47
7508
358
60560
9700
93426
4703
4701
78994
84858
64718
285
29070
162394
80232
128240
80230
6015
2491
162466
387332
26168
63929
57606
10048
10049
2475
5151
983
10735
124583
22919
2781
79802
2788
2078
2077
57519
10135
54891
54890
10130
10138
9649
9318
9646
10426
9312
53635
54940
342184
5082
5081
2673
2675
54434
54436
441282
6832
285527
5331
5333
5332
10552
285855
10558
1983
79102
5738
84268
8825
84261
84260
84267
2817
29959
3171
79074
7082
5428
1182
5420
2036
84461
1742
51530
10318
23530
6491
8175
1163
4247
4240
4241
6949
2582
7296
48
126295
9500
196403
23196
10768
55167
55160
55168
1366
8481
475
28976
7461
25937
1368
