1
2
9
10
12
14
15
16
18
19
20
21
22
23
25
27
28
29
30
31
32
33
34
35
36
37
38
39
47
48
50
51
52
53
54
55
58
59
60
70
71
72
81
86
87
88
89
90
91
92
93
94
95
98
100
101
102
103
104
105
109
112
113
115
116
117
118
119
120
123
124
127
130
131
132
133
134
135
140
141
142
143
146
150
153
154
156
157
158
159
160
161
162
163
164
165
166
174
175
176
177
178
181
182
183
185
189
190
191
196
197
202
203
204
207
208
211
212
213
215
216
217
218
219
221
222
223
224
225
226
229
230
231
238
240
241
242
246
247
248
249
250
259
267
268
269
270
271
273
274
275
279
283
284
285
286
287
288
290
291
292
293
301
304
305
306
307
308
309
310
311
316
317
318
319
320
321
322
323
324
325
326
327
328
329
330
331
332
333
334
335
336
338
339
345
347
348
350
351
353
354
355
356
357
358
362
364
366
367
369
372
373
375
377
378
379
381
382
383
384
387
388
389
390
391
392
393
394
396
397
398
399
400
402
403
405
406
407
408
409
410
411
415
416
419
420
427
432
433
435
439
440
443
444
445
462
466
467
468
471
472
473
475
476
477
478
479
480
481
482
483
487
488
489
490
491
492
493
496
498
501
506
509
513
514
515
516
517
521
522
523
525
526
527
528
529
533
534
535
537
538
539
540
545
546
547
549
550
551
554
558
563
566
567
570
571
572
573
575
578
580
581
582
583
585
586
587
590
593
594
595
596
597
598
599
602
604
605
607
608
610
613
617
622
627
629
631
632
633
634
635
636
637
638
639
640
641
642
643
644
645
648
649
650
651
652
655
656
657
658
659
660
661
662
663
664
665
666
667
668
669
670
672
673
675
677
678
682
683
685
686
688
690
694
695
699
701
705
706
708
710
712
713
714
715
716
717
720
722
725
727
728
729
731
732
733
735
740
741
744
747
752
754
755
758
759
760
762
765
767
768
770
771
773
774
775
776
778
779
780
781
782
784
785
786
788
790
793
794
796
799
800
810
811
813
814
815
816
817
818
819
820
821
822
823
824
825
826
829
830
831
832
833
834
835
836
837
839
840
841
842
843
845
846
847
857
858
859
860
861
862
863
864
865
866
867
868
869
871
873
874
875
883
885
887
889
890
891
892
894
896
898
899
900
901
902
904
905
908
909
910
912
914
915
916
917
919
920
921
923
924
925
928
929
930
931
933
938
939
940
941
942
943
944
945
946
948
949
950
952
954
955
957
958
959
960
961
962
965
966
967
968
969
970
971
972
973
974
975
976
977
978
983
987
988
989
990
991
993
994
995
996
997
998
999
1000
1001
1003
1005
1007
1008
1009
1012
1013
1014
1016
1017
1018
1019
1020
1021
1022
1024
1025
1026
1027
1028
1029
1030
1031
1032
1033
1036
1038
1039
1040
1041
1045
1046
1047
1048
1050
1051
1052
1053
1054
1056
1058
1059
1062
1063
1066
1068
1069
1070
1071
1072
1073
1075
1080
1081
1088
1101
1102
1103
1104
1105
1106
1107
1108
1109
1111
1112
1113
1114
1116
1117
1119
1120
1121
1122
1123
1124
1128
1130
1134
1137
1138
1140
1141
1142
1144
1146
1147
1149
1152
1153
1154
1155
1158
1160
1161
1163
1164
1173
1174
1175
1176
1180
1181
1182
1184
1185
1186
1191
1192
1193
1195
1196
1198
1200
1201
1203
1207
1209
1211
1212
1213
1230
1232
1233
1234
1235
1236
1237
1241
1244
1258
1263
1264
1265
1266
1267
1269
1271
1272
1277
1278
1280
1281
1282
1284
1285
1287
1288
1289
1290
1291
1292
1293
1294
1295
1296
1297
1298
1300
1302
1303
1308
1310
1311
1312
1314
1315
1316
1317
1325
1326
1327
1329
1337
1339
1340
1345
1347
1350
1351
1353
1355
1356
1361
1362
1363
1365
1366
1368
1369
1370
1371
1373
1374
1376
1380
1381
1382
1384
1385
1386
1387
1388
1390
1392
1393
1394
1395
1396
1397
1398
1399
1400
1401
1406
1407
1408
1409
1410
1411
1412
1413
1414
1415
1417
1418
1419
1420
1427
1428
1429
1431
1432
1434
1435
1436
1437
1438
1439
1440
1441
1442
1443
1444
1445
1446
1447
1448
1452
1453
1454
1455
1456
1459
1462
1464
1465
1466
1468
1469
1470
1471
1472
1474
1475
1476
1477
1478
1479
1482
1487
1488
1489
1490
1491
1493
1495
1496
1499
1500
1501
1506
1508
1509
1510
1511
1512
1513
1519
1521
1522
1523
1524
1528
1534
1535
1536
1537
1540
1543
1544
1545
1557
1558
1559
1562
1571
1573
1576
1577
1579
1580
1583
1586
1593
1595
1600
1601
1602
1603
1604
1605
1607
1610
1611
1612
1613
1615
1616
1618
1622
1627
1628
1629
1630
1633
1634
1635
1636
1639
1641
1642
1643
1644
1645
1646
1647
1649
1650
1652
1653
1654
1655
1656
1657
1659
1660
1662
1663
1665
1666
1668
1670
1671
1672
1674
1675
1676
1677
1678
1687
1690
1716
1717
1718
1719
1723
1725
1727
1728
1729
1730
1731
1734
1736
1737
1738
1739
1740
1741
1742
1744
1745
1746
1747
1748
1749
1750
1755
1756
1757
1759
1760
1761
1762
1763
1767
1770
1774
1775
1777
1778
1780
1781
1783
1785
1786
1787
1788
1789
1791
1793
1794
1795
1798
1800
1801
1802
1803
1804
1806
1807
1808
1809
1810
1812
1813
1814
1815
1819
1820
1822
1823
1824
1825
1827
1828
1829
1832
1833
1836
1837
1838
1839
1840
1843
1845
1846
1848
1849
1850
1852
1854
1855
1856
1857
1859
1861
1869
1870
1871
1874
1875
1876
1877
1879
1880
1889
1890
1891
1892
1893
1894
1896
1902
1906
1909
1911
1912
1917
1933
1936
1937
1938
1942
1943
1944
1945
1946
1947
1948
1949
1950
1951
1952
1953
1954
1956
1958
1959
1962
1964
1965
1967
1968
1969
1975
1978
1979
1981
1982
1983
1984
1991
1993
1994
1995
1996
1997
1998
1999
2000
2001
2002
2004
2005
2006
2009
2010
2011
2012
2014
2016
2017
2018
2021
2022
2023
2026
2027
2029
2030
2033
2034
2035
2036
2037
2038
2040
2041
2042
2043
2044
2045
2046
2047
2048
2049
2050
2051
2052
2053
2054
2056
2057
2058
2059
2060
2063
2064
2065
2066
2067
2068
2069
2070
2071
2072
2073
2074
2077
2078
2079
2081
2091
2098
2099
2100
2101
2103
2104
2107
2108
2109
2110
2113
2114
2115
2117
2118
2119
2120
2122
2123
2125
2131
2132
2134
2135
2137
2138
2139
2140
2145
2146
2147
2149
2150
2151
2152
2153
2155
2157
2158
2159
2160
2161
2162
2165
2166
2167
2168
2169
2170
2173
2175
2176
2177
2178
2180
2181
2182
2184
2185
2186
2187
2188
2189
2191
2192
2193
2194
2195
2197
2199
2200
2201
2202
2203
2204
2205
2207
2208
2212
2213
2214
2215
2217
2218
2219
2220
2222
2224
2230
2232
2235
2237
2239
2241
2242
2243
2244
2245
2246
2247
2248
2253
2254
2255
2257
2258
2260
2261
2262
2263
2264
2266
2267
2268
2271
2272
2273
2274
2275
2277
2280
2281
2286
2287
2288
2289
2290
2294
2295
2296
2297
2298
2299
2300
2302
2303
2304
2305
2306
2307
2308
2310
2312
2313
2314
2315
2316
2317
2318
2319
2321
2322
2323
2324
2332
2334
2335
2339
2342
2346
2348
2353
2354
2355
2356
2395
2444
2475
2483
2487
2488
2491
2492
2494
2498
2512
2516
2517
2519
2521
2524
2526
2530
2531
2533
2534
2535
2538
2539
2542
2547
2548
2549
2550
2551
2553
2556
2557
2560
2561
2562
2563
2564
2566
2571
2572
2579
2580
2581
2582
2583
2584
2585
2588
2590
2591
2592
2593
2595
2596
2617
2618
2622
2623
2624
2625
2626
2627
2628
2629
2631
2632
2633
2634
2638
2639
2641
2642
2643
2645
2646
2647
2648
2649
2651
2660
2661
2664
2665
2668
2669
2670
2671
2672
2673
2674
2675
2676
2677
2683
2686
2688
2689
2690
2695
2696
2697
2700
2702
2706
2707
2709
2712
2713
2717
2719
2720
2729
2730
2731
2733
2734
2735
2737
2739
2740
2742
2743
2744
2745
2746
2747
2752
2760
2762
2764
2766
2767
2768
2769
2770
2771
2773
2774
2775
2776
2778
2780
2781
2782
2783
2784
2785
2786
2787
2788
2791
2792
2793
2794
2799
2800
2801
2802
2803
2804
2805
2806
2810
2811
2812
2813
2815
2817
2819
2820
2821
2823
2826
2827
2832
2833
2841
2843
2845
2848
2859
2861
2863
2867
2868
2870
2872
2873
2874
2875
2876
2877
2878
2879
2882
2885
2886
2887
2888
2889
2890
2891
2892
2893
2894
2896
2897
2898
2901
2902
2903
2904
2905
2906
2908
2912
2915
2917
2919
2920
2923
2925
2926
2931
2932
2934
2935
2936
2937
2938
2939
2940
2941
2944
2946
2947
2948
2949
2950
2952
2954
2956
2957
2958
2959
2960
2961
2962
2963
2965
2967
2968
2969
2971
2972
2975
2976
2977
2982
2983
2986
2987
2990
2992
2993
2995
2996
2997
2998
3000
3001
3002
3003
3005
3006
3007
3008
3009
3010
3014
3015
3017
3018
3024
3028
3029
3030
3032
3033
3034
3035
3036
3043
3045
3046
3047
3048
3049
3050
3052
3053
3054
3055
3059
3060
3064
3065
3066
3067
3068
3069
3070
3071
3073
3074
3075
3077
3078
3081
3082
3083
3084
3087
3090
3091
3092
3093
3094
3096
3097
3098
3099
3101
3104
3105
3106
3108
3109
3110
3111
3113
3115
3120
3122
3123
3125
3127
3131
3133
3134
3135
3136
3140
3141
3142
3145
3146
3148
3150
3155
3156
3157
3159
3161
3162
3163
3164
3167
3169
3170
3171
3172
3174
3175
3176
3177
3181
3182
3183
3184
3185
3187
3189
3190
3192
3195
3196
3198
3199
3200
3202
3204
3205
3206
3207
3208
3209
3211
3215
3216
3217
3219
3221
3223
3224
3225
3226
3227
3229
3231
3232
3233
3234
3235
3236
3238
3239
3240
3241
3242
3251
3257
3263
3265
3267
3268
3273
3275
3276
3280
3281
3290
3291
3293
3294
3295
3297
3298
3299
3300
3301
3303
3305
3306
3308
3309
3310
3312
3313
3315
3316
3321
3324
3326
3327
3329
3336
3337
3338
3339
3340
3344
3350
3351
3354
3358
3364
3371
3373
3375
3376
3382
3383
3384
3385
3386
3394
3396
3397
3398
3399
3400
3416
3417
3418
3419
3420
3421
3423
3425
3426
3428
3430
3431
3433
3434
3437
3440
3441
3442
3443
3445
3448
3451
3454
3455
3456
3458
3459
3460
3467
3475
3476
3479
3480
3482
3483
3484
3485
3486
3487
3488
3489
3490
3491
3493
3494
3497
3501
3508
3516
3539
3543
3547
3549
3550
3551
3552
3553
3554
3556
3557
3558
3559
3560
3561
3562
3563
3565
3566
3567
3568
3569
3570
3572
3574
3575
3577
3579
3581
3586
3587
3588
3589
3590
3592
3593
3594
3596
3597
3598
3600
3601
3603
3604
3605
3606
3607
3608
3609
3611
3612
3613
3614
3615
3619
3620
3621
3622
3623
3624
3625
3627
3628
3630
3631
3633
3635
3636
3638
3640
3642
3643
3645
3646
3652
3654
3655
3656
3658
3659
3660
3661
3662
3663
3664
3665
3667
3670
3671
3672
3673
3674
3675
3676
3678
3679
3682
3683
3684
3685
3687
3688
3689
3690
3691
3692
3693
3694
3695
3696
3697
3698
3699
3700
3702
3703
3704
3705
3706
3707
3708
3709
3710
3712
3713
3714
3716
3717
3718
3720
3725
3726
3727
3728
3732
3735
3736
3737
3738
3739
3741
3742
3745
3749
3751
3752
3753
3755
3756
3757
3761
3763
3764
3765
3766
3767
3775
3777
3778
3779
3780
3782
3784
3785
3788
3790
3791
3792
3795
3796
3797
3798
3799
3800
3801
3803
3804
3805
3806
3813
3815
3817
3818
3821
3822
3824
3827
3831
3832
3833
3835
3836
3837
3839
3840
3841
3842
3843
3845
3846
3848
3849
3850
3851
3852
3853
3854
3855
3856
3857
3858
3859
3860
3861
3866
3872
3880
3881
3882
3883
3884
3885
3886
3887
3888
3889
3890
3891
3892
3895
3897
3899
3903
3904
3906
3908
3909
3910
3911
3912
3913
3914
3915
3916
3918
3920
3925
3927
3929
3930
3931
3932
3933
3934
3936
3937
3939
3945
3948
3949
3952
3953
3954
3955
3956
3957
3958
3959
3960
3964
3965
3975
3976
3977
3978
3980
3981
3983
3984
3985
3987
3990
3991
3992
3993
3996
3998
4000
4001
4004
4005
4007
4008
4009
4010
4012
4013
4014
4015
4016
4017
4018
4023
4026
4033
4034
4035
4036
4038
4040
4041
4043
4046
4047
4048
4049
4050
4052
4053
4054
4055
4057
4058
4059
4060
4062
4063
4064
4065
4067
4068
4069
4071
4074
4076
4077
4081
4082
4084
4085
4086
4087
4088
4089
4090
4091
4092
4093
4094
4097
4099
4100
4102
4103
4105
4107
4109
4110
4111
4112
4113
4114
4115
4116
4117
4118
4121
4122
4123
4124
4125
4126
4128
4129
4130
4131
4133
4134
4135
4137
4139
4140
4141
4143
4144
4145
4147
4148
4149
4150
4152
4153
4154
4155
4157
4158
4160
4162
4163
4170
4171
4172
4173
4174
4175
4176
4179
4184
4185
4188
4189
4190
4191
4192
4193
4194
4199
4200
4201
4204
4205
4208
4209
4210
4211
4212
4214
4215
4216
4217
4218
4221
4222
4223
4232
4233
4234
4236
4237
4238
4239
4240
4241
4245
4246
4247
4250
4254
4257
4258
4259
4261
4267
4276
4277
4281
4282
4283
4285
4286
4287
4288
4289
4291
4292
4293
4294
4296
4297
4298
4299
4300
4301
4302
4303
4306
4312
4313
4314
4316
4318
4319
4320
4321
4323
4324
4329
4331
4332
4335
4336
4337
4338
4340
4342
4343
4345
4350
4353
4354
4355
4356
4357
4358
4359
4361
4363
4430
4435
4436
4437
4438
4439
4440
4477
4478
4481
4482
4485
4486
4487
4488
4489
4494
4495
4496
4499
4500
4501
4502
4504
4507
4513
4514
4520
4521
4522
4524
4528
4534
4536
4540
4542
4543
4544
4547
4548
4552
4580
4582
4589
4591
4593
4594
4595
4597
4598
4599
4600
4601
4602
4603
4604
4605
4606
4607
4608
4609
4610
4613
4615
4616
4618
4619
4620
4621
4622
4624
4625
4626
4627
4628
4629
4632
4633
4634
4635
4637
4638
4640
4641
4642
4643
4644
4645
4646
4647
4649
4650
4651
4654
4656
4659
4660
4661
4664
4665
4666
4668
4669
4670
4673
4674
4675
4676
4677
4678
4680
4681
4682
4683
4684
4685
4686
4688
4689
4690
4691
4692
4693
4694
4695
4696
4697
4698
4700
4701
4702
4703
4704
4705
4706
4707
4708
4709
4710
4711
4712
4713
4714
4715
4716
4718
4719
4720
4722
4723
4724
4725
4726
4728
4729
4731
4733
4734
4735
4736
4738
4739
4741
4744
4745
4747
4750
4751
4752
4753
4756
4758
4759
4760
4761
4762
4763
4771
4772
4773
4774
4775
4776
4778
4779
4780
4781
4782
4783
4784
4790
4791
4792
4793
4794
4795
4798
4799
4800
4801
4802
4803
4804
4807
4809
4810
4811
4814
4815
4817
4818
4820
4824
4825
4828
4831
4832
4833
4835
4836
4837
4839
4841
4842
4843
4846
4848
4849
4850
4851
4852
4853
4854
4855
4856
4857
4858
4860
4862
4863
4864
4867
4868
4878
4879
4880
4881
4882
4883
4884
4886
4889
4891
4893
4897
4898
4899
4900
4901
4902
4904
4905
4907
4908
4909
4913
4914
4915
4916
4919
4920
4921
4922
4923
4924
4925
4926
4927
4928
4929
4931
4938
4939
4940
4942
4946
4947
4951
4952
4953
4956
4957
4967
4968
4969
4976
4978
4982
4985
4986
4987
4988
4990
4998
5000
5001
5002
5004
5005
5007
5008
5013
5015
5016
5017
5018
5019
5020
5025
5027
5031
5033
5034
5036
5037
5042
5045
5046
5047
5048
5049
5050
5052
5053
5054
5055
5058
5062
5063
5064
5066
5068
5069
5071
5073
5074
5076
5077
5078
5079
5080
5081
5082
5083
5087
5089
5090
5091
5092
5093
5094
5095
5096
5097
5099
5100
5101
5104
5105
5106
5108
5110
5111
5116
5118
5119
5121
5125
5127
5128
5129
5130
5132
5133
5134
5138
5139
5140
5141
5142
5143
5144
5145
5146
5147
5148
5149
5150
5151
5152
5153
5154
5155
5156
5159
5160
5161
5162
5163
5164
5165
5167
5170
5173
5174
5175
5176
5179
5184
5187
5189
5190
5191
5192
5193
5194
5195
5198
5199
5201
5202
5203
5204
5205
5207
5208
5209
5210
5211
5213
5214
5216
5217
5218
5223
5224
5226
5228
5229
5230
5232
5236
5238
5239
5241
5243
5244
5245
5250
5252
5253
5255
5256
5257
5261
5264
5265
5267
5268
5269
5270
5271
5272
5275
5276
5277
5279
5283
5284
5286
5287
5289
5290
5291
5292
5293
5294
5295
5296
5297
5298
5300
5303
5304
5305
5306
5307
5308
5310
5311
5313
5316
5317
5318
5319
5320
5321
5324
5325
5326
5327
5328
5329
5330
5331
5332
5333
5335
5336
5337
5338
5340
5341
5345
5346
5347
5349
5350
5351
5352
5354
5355
5356
5357
5358
5359
5360
5361
5362
5364
5365
5366
5368
5371
5372
5373
5375
5376
5378
5393
5394
5395
5406
5407
5408
5409
5411
5413
5414
5420
5422
5423
5424
5425
5426
5427
5428
5429
5430
5431
5432
5433
5434
5435
5436
5437
5438
5439
5440
5441
5442
5443
5445
5447
5449
5450
5451
5452
5454
5455
5460
5464
5465
5467
5468
5469
5471
5473
5476
5478
5479
5480
5481
5493
5494
5495
5496
5498
5499
5501
5502
5504
5506
5507
5509
5510
5511
5514
5515
5516
5518
5519
5520
5521
5522
5523
5524
5525
5526
5527
5528
5529
5530
5531
5532
5533
5534
5535
5536
5537
5538
5545
5546
5547
5549
5550
5551
5552
5553
5557
5558
5562
5563
5564
5565
5566
5567
5568
5569
5570
5571
5573
5575
5576
5577
5578
5579
5580
5581
5582
5583
5584
5585
5586
5587
5588
5589
5590
5591
5592
5593
5594
5596
5597
5598
5599
5600
5601
5602
5603
5604
5606
5607
5608
5609
5610
5611
5612
5613
5616
5617
5618
5620
5621
5624
5625
5627
5629
5630
5634
5635
5636
5639
5641
5644
5645
5646
5648
5649
5650
5652
5653
5654
5655
5660
5662
5663
5664
5669
5670
5671
5672
5673
5675
5678
5680
5681
5682
5683
5684
5685
5686
5687
5688
5689
5690
5691
5692
5693
5694
5695
5696
5698
5699
5700
5701
5702
5704
5705
5706
5707
5708
5709
5710
5711
5713
5714
5715
5716
5717
5718
5719
5720
5721
5723
5724
5725
5727
5729
5733
5734
5737
5738
5739
5741
5743
5744
5745
5746
5747
5753
5754
5756
5763
5764
5768
5770
5771
5774
5775
5777
5778
5780
5782
5783
5784
5786
5787
5788
5789
5790
5791
5792
5793
5794
5795
5796
5797
5798
5799
5800
5801
5802
5803
5805
5806
5810
5813
5814
5817
5818
5819
5822
5824
5825
5826
5827
5828
5829
5830
5831
5832
5833
5834
5836
5837
5858
5859
5860
5861
5862
5863
5864
5865
5866
5867
5868
5869
5871
5873
5874
5875
5876
5877
5878
5879
5880
5881
5883
5884
5885
5886
5887
5888
5889
5892
5893
5894
5896
5897
5898
5899
5900
5901
5902
5903
5905
5906
5908
5909
5910
5911
5912
5913
5914
5915
5916
5917
5920
5921
5922
5923
5924
5925
5926
5927
5929
5930
5931
5932
5933
5934
5935
5937
5940
5947
5950
5954
5955
5957
5959
5962
5965
5966
5967
5968
5970
5971
5972
5973
5976
5977
5978
5979
5980
5981
5982
5983
5984
5985
5987
5988
5989
5990
5991
5993
5994
5996
5997
5998
5999
6000
6001
6002
6004
6009
6011
6014
6015
6016
6018
6035
6036
6039
6041
6045
6046
6049
6050
6051
6091
6092
6095
6096
6097
6098
6100
6102
6103
6117
6118
6119
6123
6135
6138
6141
6142
6143
6150
6152
6155
6156
6157
6158
6164
6165
6166
6167
6168
6169
6171
6175
6176
6182
6183
6184
6185
6187
6188
6191
6192
6193
6194
6195
6197
6198
6199
6208
6209
6218
6224
6227
6228
6229
6230
6233
6234
6236
6237
6238
6239
6240
6241
6242
6248
6249
6251
6252
6253
6256
6257
6258
6259
6261
6262
6263
6271
6272
6273
6274
6275
6277
6278
6279
6280
6281
6282
6284
6285
6286
6289
6293
6294
6297
6299
6300
6301
6303
6304
6305
6310
6311
6314
6317
6318
6319
6320
6322
6323
6326
6327
6331
6337
6338
6339
6340
6341
6342
6344
6346
6347
6348
6351
6352
6354
6355
6356
6357
6359
6360
6361
6362
6363
6364
6366
6367
6368
6369
6370
6372
6373
6374
6375
6376
6382
6383
6385
6386
6387
6388
6389
6390
6391
6392
6396
6397
6399
6400
6402
6403
6404
6405
6406
6407
6414
6416
6419
6421
6422
6423
6424
6427
6428
6433
6434
6436
6440
6441
6442
6443
6444
6445
6446
6447
6448
6449
6450
6452
6453
6455
6456
6457
6461
6462
6464
6468
6469
6470
6472
6474
6477
6478
6482
6483
6487
6489
6491
6492
6493
6494
6495
6496
6497
6498
6499
6500
6502
6503
6504
6505
6506
6507
6509
6510
6511
6512
6513
6515
6517
6518
6520
6521
6522
6524
6525
6526
6529
6530
6531
6532
6533
6535
6536
6539
6540
6541
6542
6543
6547
6548
6554
6558
6560
6565
6566
6567
6570
6573
6574
6575
6576
6578
6581
6582
6583
6584
6585
6588
6590
6591
6594
6595
6596
6597
6598
6599
6601
6602
6603
6604
6605
6608
6609
6610
6611
6615
6616
6617
6618
6619
6620
6621
6622
6623
6624
6625
6626
6627
6628
6629
6631
6633
6634
6636
6640
6641
6642
6643
6645
6646
6647
6648
6649
6651
6652
6653
6654
6655
6657
6660
6662
6663
6665
6666
6667
6668
6670
6671
6672
6674
6675
6678
6683
6687
6688
6689
6691
6692
6693
6696
6697
6698
6699
6700
6703
6704
6707
6708
6709
6710
6711
6712
6713
6714
6717
6718
6720
6721
6722
6723
6725
6726
6728
6730
6731
6732
6733
6734
6736
6737
6738
6741
6742
6744
6745
6746
6747
6748
6749
6752
6755
6757
6760
6764
6768
6769
6770
6772
6773
6774
6775
6776
6777
6778
6779
6780
6782
6783
6785
6786
6787
6788
6789
6790
6792
6793
6794
6795
6799
6801
6804
6809
6810
6811
6812
6813
6814
6817
6819
6820
6821
6822
6827
6829
6830
6832
6834
6835
6836
6837
6838
6839
6840
6843
6844
6845
6846
6847
6850
6853
6854
6855
6857
6860
6861
6863
6866
6867
6868
6869
6871
6872
6873
6874
6875
6876
6877
6878
6879
6880
6881
6882
6883
6884
6885
6886
6887
6888
6890
6891
6892
6894
6895
6897
6898
6900
6901
6902
6903
6904
6905
6906
6907
6908
6909
6910
6911
6913
6915
6917
6919
6920
6921
6923
6924
6925
6926
6927
6928
6929
6932
6934
6935
6938
6941
6942
6943
6944
6945
6948
6949
6953
6954
6988
6990
6992
6993
6998
6999
7001
7003
7004
7005
7006
7008
7009
7010
7011
7014
7015
7016
7018
7019
7020
7021
7022
7023
7024
7025
7026
7027
7029
7030
7031
7033
7035
7036
7037
7038
7039
7040
7041
7042
7043
7044
7045
7046
7048
7049
7050
7051
7052
7053
7056
7057
7059
7060
7062
7064
7066
7067
7068
7069
7070
7071
7072
7073
7074
7075
7076
7077
7078
7079
7080
7082
7083
7084
7086
7087
7089
7090
7091
7094
7095
7096
7097
7098
7099
7100
7101
7102
7104
7105
7106
7107
7108
7109
7110
7111
7112
7114
7123
7124
7125
7126
7127
7128
7130
7132
7133
7134
7135
7136
7137
7138
7139
7140
7141
7142
7143
7145
7148
7150
7153
7155
7156
7157
7158
7159
7161
7162
7163
7164
7165
7168
7169
7170
7171
7174
7175
7179
7181
7182
7184
7185
7186
7187
7188
7189
7201
7203
7204
7205
7216
7220
7222
7223
7225
7227
7247
7248
7249
7251
7253
7257
7259
7260
7263
7264
7265
7266
7268
7270
7272
7273
7274
7276
7277
7280
7284
7286
7287
7288
7289
7290
7291
7292
7293
7294
7295
7296
7297
7298
7301
7305
7307
7311
7314
7316
7317
7318
7319
7320
7321
7322
7324
7325
7326
7327
7328
7329
7332
7334
7336
7337
7341
7342
7343
7345
7347
7348
7349
7350
7351
7353
7355
7356
7357
7358
7360
7363
7364
7365
7368
7371
7372
7373
7374
7375
7376
7378
7379
7380
7384
7385
7386
7389
7390
7391
7392
7398
7402
7403
7404
7405
7407
7408
7409
7410
7411
7412
7414
7415
7416
7417
7419
7421
7422
7423
7424
7428
7429
7431
7432
7433
7434
7436
7441
7443
7444
7447
7448
7450
7453
7454
7456
7458
7461
7462
7464
7465
7466
7468
7472
7473
7474
7476
7477
7480
7481
7484
7485
7490
7494
7504
7507
7508
7511
7514
7515
7516
7517
7518
7520
7525
7528
7529
7531
7532
7533
7534
7535
7536
7538
7542
7543
7544
7546
7547
7549
7551
7552
7553
7554
7555
7556
7564
7565
7566
7567
7568
7570
7571
7572
7574
7579
7580
7581
7582
7584
7586
7589
7592
7593
7597
7620
7621
7625
7629
7633
7639
7644
7675
7678
7681
7690
7692
7694
7695
7697
7699
7701
7702
7703
7704
7705
7706
7707
7709
7711
7716
7718
7726
7727
7728
7730
7733
7737
7738
7739
7743
7748
7750
7752
7753
7755
7756
7760
7762
7764
7766
7767
7769
7770
7773
7775
7779
7780
7781
7782
7783
7786
7791
7798
7799
7802
7803
7804
7805
7809
7812
7813
7818
7827
7832
7837
7840
7841
7844
7846
7849
7850
7851
7852
7855
7857
7862
7866
7867
7869
7871
7873
7874
7879
7881
7884
7905
7913
7915
7922
7923
7940
7941
7942
7957
7965
7975
7979
7980
7982
7984
7988
7991
7993
8013
8019
8021
8027
8028
8030
8031
8034
8036
8038
8045
8048
8050
8061
8065
8073
8078
8079
8085
8086
8087
8089
8091
8092
8099
8100
8106
8110
8115
8120
8125
8139
8140
8148
8153
8161
8165
8175
8178
8187
8189
8192
8193
8195
8200
8202
8204
8208
8209
8214
8216
8218
8220
8225
8227
8228
8233
8237
8239
8241
8242
8243
8260
8266
8270
8273
8287
8288
8289
8290
8291
8295
8301
8310
8312
8313
8314
8315
8317
8318
8320
8321
8322
8323
8324
8325
8326
8328
8330
8331
8334
8338
8340
8341
8342
8345
8348
8349
8356
8369
8372
8379
8382
8394
8395
8396
8399
8402
8403
8404
8405
8406
8407
8408
8409
8411
8412
8416
8417
8419
8424
8425
8427
8428
8431
8434
8435
8436
8437
8438
8439
8440
8443
8444
8445
8446
8447
8448
8449
8450
8451
8452
8453
8454
8455
8456
8458
8459
8462
8463
8464
8467
8468
8470
8471
8473
8476
8479
8480
8481
8482
8483
8490
8491
8492
8493
8495
8496
8497
8498
8499
8500
8501
8502
8503
8504
8506
8507
8508
8513
8514
8516
8517
8518
8519
8520
8521
8522
8525
8526
8527
8528
8529
8532
8533
8534
8535
8536
8537
8539
8540
8541
8542
8543
8544
8545
8546
8547
8548
8549
8550
8553
8554
8557
8558
8559
8560
8562
8563
8565
8566
8567
8568
8569
8570
8572
8573
8574
8575
8576
8577
8581
8600
8601
8602
8603
8604
8607
8614
8615
8618
8620
8621
8623
8624
8625
8626
8630
8631
8633
8635
8636
8637
8638
8639
8644
8645
8646
8647
8648
8650
8651
8653
8654
8655
8658
8659
8660
8661
8662
8663
8664
8665
8666
8667
8668
8669
8671
8672
8673
8674
8675
8676
8677
8678
8682
8685
8687
8688
8689
8690
8692
8693
8694
8697
8702
8703
8704
8705
8706
8707
8710
8711
8712
8714
8715
8717
8718
8720
8721
8722
8723
8724
8726
8727
8729
8731
8732
8733
8735
8736
8737
8738
8739
8740
8742
8743
8744
8751
8754
8760
8761
8763
8764
8766
8767
8772
8773
8774
8775
8776
8777
8778
8780
8784
8786
8787
8788
8789
8790
8792
8793
8794
8795
8796
8797
8798
8799
8802
8803
8805
8807
8809
8812
8813
8814
8816
8817
8819
8820
8825
8826
8828
8829
8831
8832
8833
8834
8835
8836
8837
8838
8839
8840
8841
8842
8844
8848
8850
8851
8852
8853
8854
8856
8857
8858
8859
8861
8862
8863
8864
8867
8869
8870
8871
8872
8874
8877
8878
8879
8880
8881
8883
8884
8886
8887
8888
8890
8891
8892
8893
8894
8895
8896
8897
8898
8900
8905
8906
8907
8908
8910
8912
8913
8914
8916
8924
8925
8926
8927
8928
8930
8932
8933
8934
8935
8936
8938
8939
8940
8942
8943
8945
8970
8971
8973
8974
8975
8976
8985
8986
8987
8988
8991
8993
8994
8995
8996
8997
8999
9001
9013
9014
9015
9016
9019
9020
9021
9022
9024
9025
9026
9028
9031
9034
9039
9040
9043
9044
9045
9046
9047
9048
9049
9050
9051
9052
9053
9054
9055
9060
9061
9063
9064
9066
9069
9070
9071
9073
9075
9076
9077
9079
9086
9087
9088
9091
9092
9093
9094
9097
9098
9099
9100
9101
9104
9107
9108
9110
9111
9112
9113
9114
9117
9118
9119
9120
9123
9124
9125
9126
9127
9128
9129
9130
9131
9133
9134
9135
9136
9138
9139
9140
9141
9143
9144
9145
9146
9149
9150
9156
9158
9162
9166
9167
9168
9170
9172
9173
9175
9179
9180
9181
9182
9183
9184
9185
9187
9188
9189
9191
9194
9196
9197
9201
9202
9203
9205
9208
9209
9210
9212
9213
9215
9217
9218
9219
9220
9221
9223
9228
9229
9230
9231
9235
9236
9238
9240
9241
9242
9244
9245
9246
9247
9248
9252
9253
9254
9255
9256
9258
9260
9261
9262
9265
9266
9267
9270
9271
9274
9275
9276
9277
9278
9282
9290
9293
9296
9306
9308
9310
9312
9314
9317
9318
9319
9320
9321
9322
9324
9325
9326
9328
9329
9330
9333
9334
9337
9338
9341
9342
9343
9344
9349
9350
9351
9352
9353
9354
9355
9356
9360
9361
9362
9363
9364
9367
9368
9369
9370
9371
9372
9373
9374
9375
9377
9378
9379
9380
9382
9388
9391
9392
9394
9397
9398
9399
9400
9401
9402
9403
9404
9406
9409
9410
9411
9412
9413
9414
9415
9416
9419
9421
9422
9423
9425
9427
9429
9439
9440
9441
9443
9444
9445
9446
9447
9448
9450
9451
9452
9453
9454
9455
9456
9457
9459
9462
9463
9464
9465
9467
9468
9469
9470
9472
9474
9475
9476
9477
9478
9479
9481
9482
9486
9487
9489
9491
9493
9495
9496
9497
9498
9499
9500
9501
9507
9509
9510
9512
9513
9514
9515
9516
9517
9518
9519
9521
9522
9524
9525
9526
9527
9528
9529
9530
9531
9532
9533
9535
9536
9537
9538
9540
9541
9545
9546
9547
9550
9551
9552
9553
9554
9555
9557
9559
9562
9563
9567
9568
9569
9570
9572
9573
9575
9576
9577
9578
9580
9581
9582
9583
9585
9586
9587
9588
9589
9590
9592
9595
9600
9601
9603
9604
9610
9611
9612
9615
9616
9618
9619
9620
9622
9623
9625
9627
9628
9630
9631
9632
9635
9636
9637
9638
9639
9640
9641
9643
9644
9646
9647
9648
9649
9650
9652
9653
9654
9655
9656
9657
9658
9659
9662
9663
9665
9666
9667
9669
9670
9672
9673
9674
9677
9678
9681
9682
9683
9684
9685
9686
9687
9688
9690
9692
9693
9695
9696
9698
9699
9700
9702
9703
9704
9705
9706
9709
9710
9711
9712
9715
9716
9718
9721
9722
9724
9725
9726
9727
9728
9729
9730
9732
9733
9734
9735
9736
9737
9739
9741
9742
9743
9744
9745
9748
9749
9750
9752
9753
9755
9758
9759
9760
9761
9764
9765
9768
9770
9771
9775
9777
9778
9779
9781
9782
9783
9784
9785
9786
9787
9788
9791
9793
9794
9796
9797
9801
9802
9805
9806
9807
9808
9810
9812
9814
9815
9816
9817
9819
9820
9821
9823
9825
9826
9828
9829
9830
9832
9833
9836
9837
9839
9841
9842
9844
9846
9849
9851
9852
9853
9855
9856
9857
9859
9860
9861
9862
9863
9867
9868
9869
9871
9873
9874
9875
9877
9878
9879
9882
9883
9885
9886
9887
9889
9890
9891
9892
9894
9895
9896
9897
9898
9900
9901
9902
9903
9904
9905
9908
9910
9911
9913
9915
9917
9918
9919
9921
9922
9923
9924
9925
9926
9927
9928
9929
9931
9934
9935
9937
9939
9941
9942
9943
9945
9946
9948
9949
9950
9953
9955
9958
9960
9961
9962
9963
9966
9967
9968
9969
9970
9971
9972
9973
9975
9978
9982
9984
9985
9986
9988
9989
9990
9993
9994
9997
10000
10001
10002
10003
10005
10006
10007
10008
10009
10010
10011
10013
10014
10015
10016
10017
10018
10019
10020
10021
10022
10023
10024
10025
10026
10036
10038
10039
10040
10042
10044
10045
10048
10049
10050
10051
10052
10053
10054
10055
10056
10057
10058
10059
10060
10061
10062
10063
10066
10067
10069
10072
10073
10075
10076
10078
10079
10081
10082
10083
10084
10085
10087
10090
10092
10096
10097
10098
10099
10100
10101
10102
10103
10105
10106
10107
10109
10110
10111
10112
10113
10114
10116
10120
10121
10123
10124
10125
10126
10127
10128
10129
10130
10131
10133
10134
10135
10136
10137
10138
10139
10140
10142
10144
10146
10148
10150
10152
10153
10154
10155
10156
10157
10158
10160
10161
10162
10163
10164
10165
10166
10168
10170
10171
10174
10179
10180
10181
10188
10190
10193
10194
10195
10196
10197
10198
10199
10200
10201
10202
10203
10204
10205
10206
10207
10208
10210
10211
10213
10214
10215
10216
10217
10219
10220
10221
10223
10225
10226
10227
10228
10229
10231
10232
10235
10236
10238
10239
10240
10241
10243
10244
10245
10247
10248
10249
10250
10252
10253
10254
10256
10257
10260
10262
10263
10266
10267
10268
10269
10270
10273
10274
10276
10277
10278
10279
10280
10283
10284
10285
10286
10287
10288
10289
10290
10291
10293
10294
10295
10296
10297
10298
10299
10300
10301
10302
10307
10308
10309
10311
10312
10313
10314
10316
10318
10319
10320
10322
10325
10326
10327
10328
10329
10330
10331
10332
10335
10336
10342
10345
10346
10347
10349
10352
10360
10361
10362
10363
10365
10368
10369
10370
10376
10379
10380
10384
10385
10389
10390
10391
10392
10393
10395
10396
10397
10398
10401
10402
10403
10406
10409
10411
10413
10417
10419
10420
10421
10422
10423
10424
10425
10426
10427
10428
10430
10432
10434
10435
10436
10437
10439
10440
10443
10444
10445
10446
10447
10450
10451
10452
10454
10456
10457
10458
10459
10460
10461
10462
10463
10464
10465
10466
10467
10468
10469
10471
10473
10474
10475
10476
10477
10478
10479
10480
10481
10482
10483
10484
10486
10487
10488
10489
10490
10491
10492
10493
10494
10495
10497
10498
10499
10505
10507
10513
10514
10516
10519
10520
10521
10522
10523
10524
10525
10526
10527
10528
10529
10531
10533
10534
10535
10537
10538
10539
10540
10541
10544
10548
10549
10550
10551
10552
10553
10554
10555
10556
10557
10558
10559
10560
10562
10563
10564
10565
10566
10567
10569
10570
10572
10573
10574
10575
10576
10577
10579
10580
10581
10584
10585
10586
10587
10588
10589
10590
10592
10594
10595
10598
10600
10602
10603
10606
10607
10608
10610
10611
10612
10613
10614
10615
10616
10617
10618
10620
10621
10622
10623
10625
10626
10627
10628
10629
10630
10631
10632
10633
10634
10635
10636
10640
10641
10642
10643
10644
10645
10648
10651
10652
10653
10654
10656
10657
10658
10659
10661
10664
10667
10668
10670
10671
10672
10673
10675
10678
10681
10682
10687
10690
10691
10692
10693
10695
10712
10713
10714
10716
10717
10723
10724
10725
10726
10728
10730
10733
10735
10739
10741
10742
10743
10744
10745
10746
10749
10750
10755
10758
10761
10762
10763
10765
10766
10767
10768
10769
10771
10773
10775
10777
10780
10781
10782
10783
10785
10787
10788
10791
10793
10794
10795
10797
10799
10800
10801
10802
10803
10806
10807
10808
10809
10810
10811
10813
10815
10817
10818
10825
10827
10841
10844
10845
10846
10847
10848
10849
10850
10855
10856
10857
10858
10859
10864
10865
10868
10869
10870
10871
10874
10875
10877
10878
10879
10881
10882
10884
10885
10890
10891
10892
10894
10897
10898
10899
10900
10901
10902
10903
10904
10905
10906
10907
10908
10910
10912
10913
10914
10915
10916
10919
10920
10922
10923
10926
10927
10928
10934
10935
10938
10939
10940
10942
10943
10945
10946
10947
10948
10949
10950
10951
10952
10953
10954
10955
10956
10957
10959
10960
10961
10963
10964
10965
10966
10969
10970
10971
10972
10973
10975
10978
10979
10980
10981
10982
10983
10987
10988
10989
10990
10991
10992
10994
10998
10999
11000
11001
11004
11005
11007
11009
11010
11011
11012
11014
11015
11016
11017
11018
11021
11024
11026
11030
11031
11033
11034
11035
11040
11043
11044
11047
11051
11052
11054
11055
11056
11059
11060
11061
11063
11065
11066
11068
11069
11070
11072
11073
11074
11075
11076
11077
11078
11079
11080
11081
11083
11091
11092
11093
11096
11097
11098
11099
11100
11101
11102
11103
11104
11105
11107
11108
11112
11113
11116
11117
11118
11119
11120
11122
11123
11124
11126
11127
11128
11130
11131
11132
11133
11135
11136
11137
11138
11140
11141
11142
11144
11145
11146
11147
11149
11151
11152
11153
11154
11155
11156
11157
11158
11159
11160
11161
11162
11164
11165
11166
11167
11168
11169
11170
11171
11176
11177
11178
11179
11180
11183
11184
11185
11186
11187
11188
11189
11190
11191
11193
11194
11196
11197
11199
11201
11202
11212
11213
11214
11215
11216
11218
11221
11222
11226
11228
11230
11231
11232
11234
11235
11236
11237
11244
11247
11248
11249
11250
11252
11253
11257
11258
11260
11266
11267
11269
11270
11272
11273
11274
11275
11276
11277
11278
11279
11282
11283
11284
11285
11311
11313
11314
11315
11316
11319
11321
11322
11325
11326
11328
11329
11330
11331
11332
11333
11334
11335
11336
11338
11339
11340
11341
11342
11343
11344
11345
11346
22794
22795
22796
22797
22798
22800
22801
22803
22806
22807
22808
22809
22818
22821
22822
22823
22824
22826
22827
22836
22837
22839
22841
22843
22844
22845
22846
22847
22848
22850
22852
22853
22854
22856
22858
22861
22862
22864
22866
22868
22869
22871
22872
22873
22874
22875
22876
22877
22879
22880
22881
22882
22883
22884
22885
22887
22888
22889
22890
22891
22893
22894
22895
22897
22898
22899
22900
22901
22902
22903
22905
22906
22907
22908
22911
22913
22914
22915
22916
22918
22919
22920
22921
22924
22926
22927
22928
22930
22931
22932
22933
22934
22936
22937
22938
22941
22943
22944
22948
22949
22950
22954
22955
22974
22976
22977
22978
22979
22980
22981
22982
22983
22984
22985
22986
22989
22992
22993
22995
22996
22998
22999
23001
23002
23005
23008
23011
23012
23013
23014
23016
23017
23019
23022
23023
23024
23025
23026
23028
23029
23030
23031
23032
23034
23035
23036
23037
23038
23039
23040
23041
23042
23043
23046
23047
23048
23049
23051
23052
23054
23059
23060
23061
23062
23064
23066
23067
23071
23072
23074
23075
23076
23077
23080
23082
23085
23086
23087
23089
23090
23091
23092
23093
23094
23095
23096
23097
23099
23101
23102
23107
23108
23111
23112
23113
23114
23116
23118
23119
23122
23125
23126
23129
23130
23131
23132
23133
23135
23136
23137
23138
23139
23140
23141
23142
23143
23144
23145
23148
23149
23151
23152
23154
23155
23157
23158
23160
23161
23162
23163
23164
23165
23166
23167
23168
23170
23171
23172
23173
23174
23175
23176
23177
23178
23179
23180
23181
23184
23185
23186
23189
23190
23191
23192
23193
23194
23195
23196
23197
23198
23201
23203
23204
23205
23207
23208
23209
23210
23211
23212
23214
23216
23217
23218
23219
23220
23221
23223
23224
23225
23228
23229
23230
23231
23233
23234
23235
23236
23237
23239
23240
23241
23242
23243
23244
23245
23246
23247
23248
23250
23252
23253
23256
23258
23259
23262
23263
23264
23265
23268
23269
23270
23274
23275
23276
23279
23281
23283
23285
23286
23287
23288
23291
23293
23294
23295
23299
23300
23301
23303
23304
23307
23309
23310
23312
23314
23317
23318
23321
23322
23324
23325
23326
23327
23328
23331
23332
23333
23335
23336
23339
23341
23344
23345
23347
23348
23351
23352
23353
23354
23355
23357
23358
23360
23361
23363
23365
23367
23368
23369
23370
23373
23378
23380
23381
23382
23384
23385
23386
23387
23389
23390
23394
23395
23396
23397
23398
23400
23401
23403
23404
23405
23406
23408
23409
23410
23411
23412
23413
23414
23417
23418
23421
23423
23424
23426
23429
23431
23432
23435
23438
23439
23443
23446
23450
23451
23456
23457
23461
23462
23464
23466
23468
23469
23471
23473
23474
23475
23476
23478
23479
23480
23481
23483
23484
23491
23492
23495
23498
23499
23500
23503
23504
23505
23509
23510
23511
23512
23513
23515
23516
23517
23518
23520
23523
23526
23527
23528
23529
23530
23532
23533
23534
23539
23542
23545
23548
23549
23551
23552
23553
23554
23555
23556
23557
23558
23560
23562
23564
23567
23568
23569
23576
23580
23581
23582
23583
23584
23585
23586
23588
23589
23590
23592
23593
23596
23597
23598
23601
23603
23604
23607
23608
23609
23612
23613
23616
23617
23619
23621
23623
23624
23632
23633
23635
23636
23637
23639
23640
23641
23643
23644
23645
23646
23647
23649
23650
23654
23657
23658
23659
23660
23670
23673
23677
23678
23682
23683
23704
23705
23708
23710
23729
23741
23743
23746
23753
23759
23760
23761
23762
23764
23765
23767
23770
23774
23780
23786
23787
23788
24137
24138
24139
24140
24142
24144
24145
24146
24147
24149
25759
25764
25766
25770
25771
25776
25777
25778
25780
25782
25788
25789
25791
25792
25793
25796
25797
25799
25800
25801
25803
25804
25807
25809
25812
25813
25814
25816
25818
25820
25821
25822
25824
25825
25827
25828
25829
25830
25831
25836
25839
25840
25841
25842
25844
25847
25851
25852
25853
25855
25861
25862
25864
25865
25870
25873
25875
25876
25878
25879
25880
25885
25886
25888
25890
25894
25896
25897
25898
25900
25901
25902
25904
25911
25912
25913
25914
25915
25917
25921
25923
25924
25925
25926
25927
25929
25930
25932
25934
25936
25937
25938
25939
25940
25942
25943
25945
25946
25948
25949
25950
25953
25956
25959
25961
25962
25963
25966
25970
25972
25973
25974
25975
25976
25977
25978
25979
25983
25984
25987
25988
25989
25994
25996
25998
25999
26000
26001
26002
26003
26005
26009
26010
26015
26017
26018
26019
26020
26022
26024
26025
26027
26030
26031
26032
26035
26036
26037
26038
26039
26040
26043
26045
26047
26048
26050
26051
26052
26053
26054
26056
26057
26058
26059
26060
26061
26063
26064
26065
26071
26073
26085
26086
26088
26090
26091
26092
26093
26094
26100
26108
26112
26115
26118
26119
26121
26122
26123
26127
26130
26133
26135
26136
26137
26140
26145
26146
26147
26148
26150
26151
26152
26153
26155
26156
26157
26160
26166
26167
26168
26173
26190
26191
26205
26206
26207
26224
26225
26227
26228
26229
26230
26231
26232
26233
26234
26235
26240
26249
26254
26259
26260
26261
26262
26263
26267
26268
26269
26270
26271
26272
26273
26275
26276
26277
26278
26284
26286
26287
26289
26291
26292
26297
26298
26330
26353
26354
26468
26469
26470
26471
26472
26476
26499
26502
26503
26504
26505
26507
26508
26509
26511
26512
26517
26519
26520
26521
26524
26528
26532
26548
26574
26575
26576
26577
26578
26579
26580
26586
26589
26595
26608
26610
26664
26692
26716
26747
26750
26751
26762
26872
26873
26952
26953
26958
26959
26960
26973
26984
26985
26986
26993
26994
26995
26999
27000
27004
27005
27018
27020
27022
27023
27030
27032
27033
27034
27037
27040
27043
27044
27063
27067
27068
27069
27071
27072
27074
27076
27077
27079
27085
27086
27087
27089
27090
27092
27095
27097
27102
27107
27109
27111
27113
27120
27122
27124
27125
27127
27128
27129
27130
27131
27132
27136
27145
27148
27152
27153
27154
27158
27159
27161
27163
27165
27166
27173
27175
27180
27183
27185
27190
27229
27230
27232
27233
27235
27236
27237
27238
27241
27242
27243
27245
27246
27247
27248
27249
27250
27252
27253
27254
27257
27258
27283
27284
27285
27287
27288
27289
27293
27294
27295
27296
27297
27300
27301
27302
27303
27304
27306
27309
27314
27315
27324
27327
27330
27332
27333
27335
27336
27338
27339
27342
27343
27344
27346
27347
27348
27349
27350
27352
27429
27430
27433
27434
27436
27440
27445
28227
28231
28299
28442
28452
28511
28512
28514
28517
28619
28639
28908
28951
28952
28954
28955
28957
28960
28962
28964
28965
28966
28969
28970
28972
28973
28974
28976
28977
28978
28981
28982
28985
28986
28988
28990
28991
28998
28999
29015
29028
29035
29062
29066
29068
29070
29071
29072
29074
29078
29079
29080
29081
29082
29083
29085
29087
29088
29089
29093
29095
29097
29098
29099
29100
29101
29103
29104
29107
29108
29109
29110
29114
29115
29116
29118
29119
29121
29122
29124
29126
29127
29128
29760
29761
29763
29766
29767
29775
29777
29780
29781
29785
29789
29796
29801
29803
29842
29843
29844
29851
29855
29880
29882
29883
29886
29887
29888
29889
29890
29893
29894
29895
29896
29899
29901
29903
29904
29906
29907
29911
29914
29915
29916
29919
29920
29922
29924
29925
29926
29927
29929
29934
29935
29937
29940
29941
29944
29945
29946
29947
29948
29950
29952
29954
29957
29958
29959
29966
29967
29969
29974
29978
29979
29980
29982
29984
29985
29988
29989
29990
29991
29992
29993
29994
29995
29997
29998
30000
30008
30009
30011
30012
30061
30812
30813
30815
30818
30819
30820
30827
30834
30835
30836
30837
30844
30845
30846
30848
30849
30850
30851
30968
49855
49860
49861
50484
50485
50486
50487
50488
50489
50507
50512
50515
50616
50618
50619
50626
50628
50632
50640
50649
50650
50674
50717
50801
50802
50804
50807
50808
50809
50810
50813
50814
50837
50846
50848
50855
50859
50861
50862
50863
50865
50937
50943
50944
50945
50964
50999
51000
51002
51003
51004
51005
51006
51008
51009
51010
51011
51013
51015
51018
51019
51020
51021
51022
51023
51024
51026
51027
51028
51031
51035
51042
51043
51053
51056
51058
51059
51060
51061
51065
51067
51068
51069
51070
51071
51073
51074
51075
51076
51077
51078
51079
51081
51082
51083
51084
51085
51087
51088
51090
51091
51092
51094
51095
51096
51097
51098
51099
51100
51102
51103
51105
51106
51107
51108
51109
51110
51114
51116
51117
51118
51121
51122
51123
51124
51125
51126
51127
51128
51129
51130
51131
51132
51133
51135
51136
51138
51141
51142
51143
51144
51146
51147
51148
51150
51151
51154
51155
51156
51157
51160
51162
51163
51164
51168
51170
51171
51172
51174
51175
51176
51177
51181
51182
51184
51185
51186
51188
51191
51193
51194
51196
51199
51200
51201
51202
51203
51204
51205
51206
51207
51209
51213
51218
51222
51224
51225
51228
51230
51231
51232
51236
51239
51241
51246
51247
51248
51250
51252
51253
51255
51256
51257
51258
51259
51263
51264
51265
51266
51267
51268
51270
51271
51272
51274
51277
51278
51280
51282
51283
51284
51285
51286
51290
51291
51292
51293
51294
51295
51296
51298
51302
51303
51304
51305
51306
51307
51308
51309
51310
51316
51317
51318
51319
51320
51321
51322
51324
51327
51329
51330
51332
51333
51334
51335
51339
51340
51341
51343
51347
51348
51350
51360
51361
51362
51363
51364
51367
51368
51371
51373
51375
51377
51378
51379
51380
51382
51385
51386
51388
51390
51397
51399
51400
51406
51409
51411
51412
51421
51422
51426
51427
51428
51429
51433
51434
51435
51438
51439
51440
51441
51444
51447
51449
51451
51454
51455
51460
51463
51465
51466
51471
51473
51474
51477
51478
51479
51490
51491
51496
51499
51503
51504
51506
51510
51512
51513
51514
51517
51520
51522
51523
51524
51528
51529
51530
51533
51534
51535
51538
51540
51542
51545
51547
51548
51550
51552
51557
51559
51560
51561
51562
51564
51566
51569
51571
51573
51574
51582
51585
51586
51588
51592
51593
51594
51596
51599
51601
51602
51603
51604
51605
51606
51608
51611
51614
51616
51617
51619
51621
51626
51631
51633
51634
51635
51637
51642
51643
51645
51646
51647
51649
51650
51651
51654
51655
51657
51659
51661
51663
51665
51666
51667
51668
51673
51676
51678
51684
51686
51690
51691
51692
51699
51700
51701
51702
51703
51704
51706
51710
51714
51715
51719
51720
51725
51726
51727
51728
51729
51735
51738
51741
51742
51744
51747
51750
51752
51754
51755
51759
51761
51762
51763
51764
51765
51773
51776
51778
51780
51804
51805
51806
51807
51808
51809
53335
53339
53340
53343
53346
53347
53349
53353
53358
53371
53373
53405
53407
53615
53616
53635
53637
53822
53826
53831
53833
53904
53916
53917
53918
53938
53944
53947
53981
54014
54033
54039
54058
54059
54093
54102
54106
54107
54108
54145
54148
54165
54187
54205
54206
54212
54221
54328
54331
54332
54344
54345
54361
54363
54386
54407
54413
54414
54431
54432
54433
54434
54436
54437
54438
54439
54440
54441
54442
54443
54453
54455
54456
54457
54458
54460
54461
54463
54464
54465
54466
54467
54468
54469
54472
54474
54475
54476
54477
54478
54480
54487
54494
54495
54496
54497
54499
54502
54503
54504
54505
54507
54509
54510
54512
54514
54516
54517
54518
54520
54521
54529
54531
54532
54534
54535
54536
54539
54540
54541
54542
54543
54544
54545
54546
54549
54550
54551
54552
54555
54556
54557
54566
54583
54584
54585
54596
54602
54606
54617
54619
54620
54622
54623
54625
54629
54659
54662
54663
54664
54665
54676
54677
54680
54700
54704
54707
54708
54716
54726
54729
54732
54733
54737
54739
54749
54751
54754
54758
54762
54763
54764
54765
54769
54776
54778
54780
54784
54785
54788
54790
54795
54797
54798
54799
54800
54801
54802
54805
54806
54808
54809
54810
54811
54812
54813
54814
54815
54819
54820
54821
54822
54826
54828
54830
54832
54834
54836
54840
54843
54845
54850
54851
54852
54853
54855
54857
54858
54860
54861
54862
54865
54867
54868
54869
54870
54873
54874
54875
54876
54878
54879
54880
54881
54883
54884
54887
54888
54890
54891
54892
54893
54894
54897
54899
54900
54901
54902
54903
54904
54905
54910
54913
54915
54918
54921
54922
54923
54926
54927
54928
54929
54930
54932
54935
54936
54937
54938
54939
54940
54941
54943
54946
54947
54948
54949
54951
54952
54954
54955
54956
54957
54958
54959
54960
54961
54962
54963
54968
54969
54970
54971
54972
54973
54974
54976
54977
54980
54982
54984
54985
54986
54987
54988
54989
54991
54995
54997
54998
55003
55005
55006
55007
55008
55011
55012
55013
55014
55015
55017
55020
55022
55023
55027
55028
55030
55031
55032
55033
55034
55035
55036
55037
55038
55039
55040
55041
55048
55049
55054
55055
55061
55062
55063
55066
55068
55070
55071
55072
55074
55075
55080
55081
55082
55083
55084
55086
55090
55092
55093
55094
55095
55100
55102
55103
55105
55106
55108
55109
55110
55111
55112
55114
55116
55117
55118
55119
55120
55122
55125
55127
55128
55129
55131
55132
55133
55135
55137
55138
55139
55140
55142
55143
55144
55145
55147
55148
55149
55150
55151
55152
55153
55154
55156
55157
55159
55160
55161
55163
55164
55165
55166
55167
55168
55170
55171
55173
55174
55175
55176
55178
55179
55182
55183
55184
55186
55187
55188
55190
55191
55192
55193
55195
55197
55198
55200
55201
55204
55206
55207
55208
55209
55210
55211
55212
55213
55215
55216
55217
55218
55219
55220
55222
55223
55224
55226
55227
55228
55229
55231
55234
55236
55238
55239
55240
55243
55244
55246
55247
55248
55249
55250
55251
55252
55253
55254
55255
55256
55258
55262
55266
55268
55269
55270
55272
55273
55274
55275
55276
55277
55278
55280
55281
55283
55284
55285
55286
55288
55289
55290
55293
55294
55295
55296
55297
55299
55300
55303
55308
55311
55312
55313
55316
55322
55323
55324
55325
55326
55327
55328
55329
55332
55333
55336
55339
55340
55341
55342
55344
55346
55347
55349
55351
55353
55355
55357
55359
55361
55362
55363
55364
55365
55366
55374
55379
55388
55422
55423
55432
55435
55437
55454
55466
55486
55500
55501
55503
55504
55505
55506
55507
55509
55510
55512
55521
55526
55527
55529
55531
55534
55536
55540
55544
55552
55553
55554
55558
55559
55565
55568
55572
55573
55577
55582
55584
55585
55588
55589
55591
55593
55596
55599
55600
55601
55602
55603
55604
55605
55607
55608
55609
55611
55612
55613
55614
55616
55619
55620
55621
55622
55623
55624
55625
55626
55627
55628
55631
55632
55633
55635
55636
55643
55644
55646
55651
55652
55653
55655
55656
55658
55660
55661
55662
55663
55664
55666
55667
55669
55670
55671
55676
55677
55679
55680
55681
55686
55689
55690
55691
55692
55693
55695
55696
55697
55698
55699
55700
55702
55703
55704
55705
55707
55709
55713
55715
55716
55717
55718
55720
55722
55723
55727
55728
55729
55732
55734
55735
55738
55739
55740
55741
55742
55743
55746
55748
55749
55750
55751
55752
55753
55754
55755
55756
55757
55758
55759
55760
55761
55763
55764
55766
55768
55769
55770
55771
55773
55775
55777
55778
55781
55785
55786
55788
55789
55790
55793
55794
55795
55796
55798
55799
55802
55803
55806
55808
55809
55810
55812
55813
55814
55815
55816
55818
55819
55821
55823
55824
55825
55827
55830
55832
55833
55835
55837
55839
55840
55841
55843
55844
55846
55847
55850
55851
55852
55854
55856
55858
55859
55860
55861
55862
55863
55867
55870
55872
55876
55884
55885
55889
55890
55892
55893
55898
55900
55902
55905
55906
55907
55909
55914
55915
55916
55917
55920
55922
55929
55930
55937
55954
55957
55958
55959
55964
55967
55968
55969
55970
55971
55972
55973
55975
55997
55998
56000
56033
56034
56061
56062
56105
56121
56122
56136
56137
56138
56140
56141
56143
56144
56145
56146
56154
56157
56159
56163
56164
56165
56171
56172
56241
56242
56243
56246
56252
56253
56254
56255
56256
56257
56259
56261
56262
56265
56267
56287
56288
56302
56311
56339
56341
56342
56344
56474
56475
56477
56478
56479
56521
56548
56616
56623
56647
56648
56649
56650
56652
56654
56655
56656
56658
56666
56667
56670
56673
56674
56675
56676
56681
56683
56704
56729
56751
56776
56829
56849
56850
56852
56882
56886
56888
56889
56890
56891
56893
56894
56895
56896
56897
56899
56901
56902
56903
56904
56905
56906
56907
56910
56913
56915
56916
56919
56922
56923
56924
56925
56926
56927
56928
56929
56931
56934
56937
56938
56940
56943
56944
56945
56947
56948
56949
56950
56952
56954
56955
56956
56957
56961
56963
56965
56970
56975
56977
56978
56980
56984
56986
56987
56990
56992
56993
56994
56995
56996
56998
56999
57003
57010
57017
57018
57019
57020
57026
57037
57038
57045
57047
57048
57050
57055
57057
57060
57062
57082
57085
57088
57089
57091
57092
57094
57096
57097
57099
57104
57105
57106
57109
57111
57116
57117
57118
57120
57122
57125
57126
57127
57128
57129
57130
57132
57134
57142
57143
57144
57146
57147
57148
57149
57153
57154
57157
57159
57161
57162
57167
57168
57169
57171
57172
57175
57176
57178
57179
57180
57181
57182
57185
57186
57187
57188
57189
57190
57192
57198
57215
57216
57217
57222
57224
57226
57228
57231
57282
57325
57326
57332
57333
57335
57336
57337
57338
57379
57380
57381
57393
57396
57402
57403
57405
57406
57407
57409
57410
57414
57418
57446
57447
57448
57453
57455
57456
57458
57459
57460
57461
57462
57463
57465
57467
57468
57470
57471
57472
57473
57474
57475
57476
57479
57480
57482
57484
57486
57488
57489
57492
57493
57494
57496
57498
57504
57505
57506
57508
57509
57510
57511
57513
57514
57515
57519
57520
57521
57522
57523
57524
57529
57530
57531
57532
57533
57534
57536
57539
57541
57542
57544
57545
57547
57549
57551
57552
57553
57554
57555
57556
57559
57560
57561
57563
57565
57568
57569
57571
57572
57573
57576
57580
57583
57584
57591
57592
57594
57595
57596
57597
57599
57602
57605
57606
57608
57609
57610
57614
57616
57617
57619
57620
57621
57622
57623
57626
57630
57631
57634
57636
57639
57642
57643
57644
57645
57646
57647
57648
57649
57650
57655
57658
57661
57663
57664
57665
57666
57669
57670
57673
57674
57677
57678
57679
57680
57683
57684
57685
57687
57688
57689
57690
57691
57692
57693
57695
57696
57697
57700
57701
57703
57704
57706
57708
57711
57715
57716
57718
57719
57720
57721
57727
57728
57731
57733
57761
57763
57787
57798
57799
57801
57804
57817
57819
57820
57822
57823
57826
57827
57834
57862
58155
58157
58158
58160
58189
58190
58191
58472
58473
58475
58476
58477
58478
58480
58484
58485
58486
58487
58488
58490
58491
58494
58496
58497
58498
58499
58500
58504
58506
58511
58512
58513
58515
58517
58524
58525
58526
58528
58529
58533
58985
58986
59272
59277
59286
59307
59338
59339
59341
59342
59343
59344
59345
59348
59349
60312
60313
60314
60343
60370
60385
60386
60401
60412
60436
60468
60481
60485
60487
60488
60489
60490
60491
60492
60493
60496
60506
60509
60528
60529
60558
60559
60560
60561
60592
60625
60626
60672
60676
60678
60681
60682
60685
60686
63027
63035
63826
63827
63874
63875
63876
63891
63892
63893
63897
63898
63901
63904
63905
63908
63910
63916
63917
63922
63923
63925
63928
63929
63931
63932
63934
63935
63940
63941
63943
63946
63948
63951
63967
63971
63976
63977
63978
63979
63982
64005
64061
64062
64063
64064
64066
64067
64072
64077
64080
64081
64083
64087
64089
64090
64091
64092
64093
64098
64100
64101
64102
64105
64110
64111
64112
64114
64115
64118
64121
64127
64129
64130
64131
64132
64135
64137
64147
64149
64151
64167
64170
64173
64174
64210
64215
64216
64218
64219
64221
64222
64223
64224
64225
64236
64240
64241
64282
64284
64285
64288
64318
64319
64320
64321
64324
64326
64327
64328
64332
64333
64342
64343
64359
64374
64375
64376
64377
64393
64395
64398
64399
64400
64403
64407
64410
64411
64412
64418
64419
64420
64421
64422
64423
64425
64426
64427
64428
64429
64431
64432
64434
64478
64499
64506
64518
64577
64581
64582
64599
64601
64651
64663
64689
64699
64708
64710
64714
64718
64743
64744
64746
64747
64750
64753
64754
64755
64756
64759
64760
64763
64764
64768
64769
64770
64771
64776
64777
64778
64779
64780
64781
64782
64783
64784
64785
64786
64787
64788
64794
64795
64799
64801
64802
64805
64834
64837
64838
64839
64841
64843
64844
64847
64848
64852
64854
64855
64856
64857
64858
64860
64864
64866
64881
64895
64897
64901
64902
64919
64924
64925
64926
64927
64928
64943
64946
64949
64951
64960
64963
64965
64968
64969
64975
64976
64978
64979
64981
64983
65003
65005
65008
65009
65018
65056
65057
65059
65061
65065
65078
65080
65082
65083
65094
65095
65108
65109
65110
65117
65123
65125
65220
65244
65250
65251
65258
65263
65264
65265
65266
65267
65268
65975
65977
65979
65980
65981
65982
65983
65985
65986
65987
65988
65989
65990
65991
65992
65993
65997
65999
66000
66005
66008
66036
66037
78986
78987
78989
78990
78991
78992
78994
78995
78999
79001
79002
79003
79004
79005
79009
79012
79016
79017
79019
79020
79022
79023
79025
79026
79027
79029
79031
79033
79034
79037
79038
79039
79041
79042
79047
79048
79050
79053
79054
79056
79057
79058
79064
79065
79068
79070
79072
79073
79074
79075
79077
79078
79080
79083
79084
79085
79087
79088
79089
79090
79092
79094
79095
79096
79098
79102
79109
79132
79134
79135
79137
79139
79140
79142
79143
79145
79147
79148
79149
79152
79153
79154
79155
79156
79157
79158
79159
79165
79171
79172
79173
79174
79175
79176
79177
79178
79180
79183
79184
79187
79188
79228
79230
79269
79364
79365
79366
79368
79369
79370
79413
79414
79415
79441
79442
79443
79444
79446
79465
79567
79568
79571
79572
79573
79576
79577
79582
79583
79585
79586
79587
79589
79590
79591
79594
79595
79596
79598
79600
79602
79605
79607
79608
79611
79612
79616
79618
79621
79622
79626
79627
79629
79632
79633
79634
79635
79637
79640
79641
79642
79643
79644
79647
79648
79649
79651
79654
79656
79657
79658
79659
79660
79661
79663
79666
79668
79670
79671
79672
79673
79674
79675
79676
79677
79685
79689
79690
79691
79693
79694
79695
79698
79699
79705
79706
79707
79710
79711
79712
79714
79716
79717
79718
79719
79720
79722
79723
79724
79725
79726
79727
79728
79733
79734
79735
79738
79739
79741
79744
79745
79751
79753
79754
79755
79759
79760
79763
79767
79770
79774
79776
79777
79778
79780
79784
79786
79789
79791
79792
79794
79796
79797
79798
79801
79802
79803
79807
79809
79810
79811
79812
79813
79814
79816
79828
79829
79830
79832
79833
79836
79837
79838
79839
79840
79842
79843
79844
79845
79848
79849
79850
79853
79856
79858
79861
79864
79865
79867
79868
79869
79870
79871
79872
79873
79874
79876
79877
79879
79882
79884
79885
79887
79888
79890
79891
79893
79896
79899
79901
79902
79908
79912
79913
79915
79917
79918
79921
79922
79930
79931
79932
79934
79937
79939
79943
79944
79947
79954
79956
79959
79961
79966
79968
79971
79977
79979
79980
79981
79982
79983
79986
79987
79989
79990
79991
79993
79998
80004
80005
80007
80010
80011
80012
80013
80014
80017
80018
80019
80020
80021
80022
80023
80025
80028
80032
80036
80055
80059
80067
80071
80086
80108
80110
80114
80117
80119
80124
80125
80128
80131
80135
80139
80142
80143
80144
80145
80146
80148
80149
80150
80152
80153
80155
80168
80173
80174
80176
80178
80179
80184
80196
80198
80199
80204
80205
80207
80208
80210
80212
80213
80216
80218
80219
80221
80222
80223
80224
80227
80228
80230
80231
80232
80237
80254
80255
80258
80262
80263
80264
80267
80270
80271
80273
80279
80301
80303
80304
80305
80306
80308
80309
80311
80314
80315
80317
80318
80319
80320
80321
80323
80324
80325
80328
80331
80332
80333
80335
80336
80339
80342
80344
80345
80346
80347
80349
80350
80351
80381
80700
80704
80705
80712
80714
80724
80726
80727
80731
80740
80742
80745
80746
80755
80758
80760
80762
80764
80772
80774
80775
80776
80777
80778
80781
80789
80818
80820
80821
80824
80830
80831
80832
80851
80852
80854
80864
80895
80896
80975
81027
81029
81030
81034
81035
81037
81285
81490
81491
81493
81502
81532
81533
81537
81539
81542
81543
81544
81545
81550
81551
81553
81555
81558
81559
81562
81563
81565
81566
81567
81569
81570
81572
81573
81576
81577
81579
81603
81605
81606
81607
81608
81609
81610
81611
81616
81617
81618
81619
81620
81624
81628
81629
81631
81688
81689
81704
81706
81786
81788
81789
81790
81792
81794
81831
81833
81839
81844
81846
81847
81848
81849
81855
81857
81858
81873
81875
81876
81887
81888
81889
81890
81928
81929
81930
81931
81932
83394
83401
83417
83440
83442
83443
83444
83445
83446
83447
83448
83449
83451
83452
83461
83463
83464
83468
83473
83475
83478
83481
83483
83538
83539
83540
83541
83543
83546
83547
83548
83549
83590
83591
83593
83594
83595
83596
83605
83607
83608
83637
83638
83640
83641
83642
83648
83657
83658
83659
83660
83666
83667
83692
83693
83694
83696
83699
83700
83706
83707
83714
83716
83719
83729
83732
83733
83734
83737
83741
83743
83744
83746
83747
83752
83755
83758
83759
83786
83787
83795
83844
83851
83853
83854
83855
83857
83858
83860
83861
83862
83871
83872
83874
83878
83879
83882
83891
83892
83894
83895
83896
83897
83899
83900
83901
83903
83930
83931
83933
83937
83939
83940
83942
83943
83953
83954
83955
83983
83985
83987
83988
83989
83990
83992
83999
84000
84002
84033
84056
84057
84058
84059
84061
84062
84063
84064
84065
84067
84068
84069
84073
84074
84076
84077
84078
84079
84083
84084
84085
84100
84101
84102
84103
84105
84106
84107
84108
84124
84126
84128
84129
84131
84132
84133
84134
84135
84140
84142
84144
84146
84152
84153
84159
84162
84163
84164
84167
84168
84171
84172
84173
84174
84179
84181
84186
84187
84188
84189
84191
84193
84196
84206
84219
84223
84224
84230
84231
84232
84233
84236
84240
84243
84245
84246
84247
84248
84254
84255
84256
84258
84259
84260
84261
84262
84263
84264
84265
84266
84267
84268
84271
84272
84274
84275
84276
84277
84280
84281
84282
84283
84285
84289
84290
84292
84294
84295
84296
84301
84303
84304
84306
84307
84309
84310
84311
84312
84313
84315
84317
84318
84321
84324
84326
84328
84329
84330
84331
84332
84333
84335
84336
84337
84340
84342
84343
84364
84376
84433
84440
84441
84444
84445
84446
84447
84448
84449
84450
84455
84456
84457
84458
84460
84461
84465
84466
84467
84498
84501
84514
84515
84516
84519
84520
84522
84524
84525
84527
84528
84529
84530
84532
84541
84545
84547
84548
84549
84552
84557
84570
84572
84612
84614
84617
84618
84619
84620
84622
84626
84628
84629
84630
84632
84640
84645
84647
84650
84651
84654
84656
84659
84661
84665
84668
84674
84675
84676
84677
84678
84680
84684
84687
84690
84691
84693
84696
84699
84700
84701
84705
84706
84707
84708
84717
84720
84722
84725
84727
84733
84735
84747
84749
84752
84759
84769
84775
84790
84795
84807
84811
84812
84816
84817
84818
84823
84826
84832
84833
84838
84842
84844
84851
84858
84859
84861
84864
84866
84867
84868
84869
84872
84875
84876
84878
84881
84883
84885
84886
84888
84889
84890
84893
84894
84895
84896
84897
84898
84899
84901
84905
84908
84910
84912
84913
84914
84918
84919
84920
84923
84924
84926
84928
84929
84930
84932
84936
84937
84938
84939
84940
84941
84942
84947
84948
84950
84951
84952
84953
84954
84955
84957
84958
84959
84960
84961
84966
84967
84970
84975
84976
84978
84985
84986
84988
84991
84992
84993
85013
85015
85016
85019
85021
85236
85280
85281
85291
85293
85302
85313
85329
85358
85359
85363
85364
85365
85366
85376
85377
85378
85379
85397
85403
85406
85407
85409
85415
85437
85439
85440
85442
85443
85444
85445
85450
85451
85456
85458
85460
85461
85464
85465
85476
85477
85479
85480
85481
85509
85865
87178
88455
89122
89765
89777
89778
89780
89781
89782
89795
89796
89797
89801
89832
89839
89845
89848
89849
89857
89858
89866
89869
89870
89874
89882
89884
89885
89890
89891
89910
89927
89941
89944
89953
89970
90007
90060
90070
90075
90102
90113
90121
90134
90135
90139
90161
90187
90203
90231
90273
90293
90317
90321
90324
90326
90333
90338
90353
90355
90362
90378
90379
90390
90407
90410
90411
90416
90423
90427
90441
90459
90480
90485
90506
90507
90522
90557
90580
90589
90594
90624
90627
90637
90639
90655
90665
90678
90693
90701
90737
90780
90806
90809
90843
90850
90861
90864
90865
90874
90933
90956
90957
90987
90990
90993
91010
91039
91057
91107
91133
91137
91147
91151
91156
91179
91181
91252
91272
91289
91351
91355
91368
91369
91373
91392
91404
91408
91409
91419
91433
91445
91452
91464
91522
91526
91543
91544
91574
91582
91603
91607
91608
91612
91614
91624
91647
91653
91661
91662
91663
91664
91687
91694
91695
91703
91734
91746
91750
91752
91754
91768
91782
91801
91807
91833
91869
91875
91893
91942
91949
91977
92002
92017
92070
92092
92104
92105
92106
92129
92140
92170
92181
92235
92255
92259
92283
92285
92304
92305
92335
92344
92345
92346
92359
92369
92399
92400
92421
92483
92552
92565
92591
92595
92609
92610
92689
92703
92714
92745
92797
92799
92806
92815
92822
92840
92856
92912
92922
92935
92979
92999
93058
93082
93099
93107
93109
93144
93145
93166
93183
93185
93210
93233
93323
93349
93380
93408
93426
93436
93474
93487
93611
93621
93624
93627
93643
93649
93663
93664
93973
93974
93986
94005
94015
94025
94031
94039
94056
94059
94081
94086
94097
94101
94103
94107
94120
94121
94122
94134
94137
94160
94233
94234
94239
94240
94274
96459
96764
103910
112398
112399
112401
112464
112476
112479
112483
112495
112574
112611
112714
112724
112744
112755
112802
112812
112840
112858
112936
112937
112939
112950
112970
113000
113026
113130
113146
113174
113178
113179
113201
113220
113246
113251
113263
113277
113452
113510
113655
113675
113730
113791
113878
114034
114049
114088
114131
114294
114299
114327
114548
114569
114609
114757
114771
114781
114783
114784
114785
114786
114787
114789
114790
114791
114792
114793
114798
114799
114800
114803
114804
114805
114818
114822
114823
114824
114825
114876
114879
114880
114882
114883
114884
114885
114897
114898
114899
114904
114907
114908
114928
114932
114960
114971
114984
114987
114990
114991
115098
115106
115123
115196
115201
115207
115209
115265
115286
115290
115294
115353
115426
115509
115548
115560
115572
115584
115650
115677
115703
115704
115708
115752
115761
115817
115825
115827
115861
115908
115948
115992
116039
116068
116071
116092
116113
116115
116138
116143
116150
116154
116159
116173
116211
116224
116225
116238
116328
116362
116379
116442
116443
116447
116448
116449
116461
116496
116519
116540
116541
116832
116835
116840
116841
116931
116983
116984
116985
116987
116988
117143
117144
117145
117154
117157
117159
117166
117177
117178
117245
117246
117283
117286
117531
117579
117581
117583
117584
117854
118424
118426
118427
118429
118430
118460
118471
118472
118487
118738
118788
118812
118813
118881
118924
118932
118980
118987
119032
119391
119467
119504
119559
119587
119710
120071
120114
120224
120379
120526
120892
121053
121214
121227
121260
121268
121274
121391
121441
121457
121506
121512
121536
121549
121642
121643
122011
122060
122183
122402
122416
122481
122553
122622
122704
122773
122786
122809
122953
122961
123016
123103
123169
123207
123228
123263
123283
123722
123803
123879
123920
124044
124056
124149
124220
124245
124359
124401
124404
124446
124460
124512
124540
124565
124583
124590
124626
124637
124641
124739
124751
124790
124801
124808
124923
124925
124930
124935
124995
124997
125058
125061
125113
125115
125336
125476
125488
125875
125919
125950
125965
125972
126003
126006
126070
126075
126119
126133
126206
126248
126272
126282
126295
126298
126306
126328
126364
126374
126375
126382
126393
126433
126526
126626
126637
126638
126669
126789
126792
126969
127002
127018
127247
127253
127255
127294
127396
127495
127540
127544
127602
127687
127700
127703
127733
127795
127829
127833
127933
128061
128077
128153
128178
128209
128239
128240
128308
128312
128387
128434
128486
128646
128653
128821
128822
128866
128869
128977
129025
129049
129080
129138
129303
129401
129446
129531
129563
129642
129685
129804
129807
129831
129852
129880
130013
130026
130106
130271
130340
130399
130497
130502
130507
130535
130540
130557
130560
130574
130589
130617
130813
130872
130940
131034
131076
131118
131405
131408
131450
131474
131544
131566
131578
131583
131870
131890
131965
132141
132158
132204
132299
132320
132321
132332
132430
132660
132671
132720
132789
132851
132884
132949
132954
133015
133022
133121
133396
133418
133522
133584
133619
133688
133746
133957
134147
134218
134265
134266
134285
134288
134353
134359
134430
134492
134510
134549
134553
134637
134701
134728
134829
134957
135112
135114
135138
135228
135293
135398
135458
135892
135927
135932
136051
136306
136371
137133
137196
137209
137492
137695
137735
137868
137872
137886
137902
137964
137994
138009
138046
138065
138151
138162
138311
138428
138474
138639
139067
139081
139105
139170
139231
139322
139324
139341
139562
139596
139604
139628
139716
139741
139793
139804
139818
139886
140032
140258
140290
140432
140459
140460
140461
140462
140465
140467
140469
140545
140576
140597
140606
140609
140612
140679
140680
140685
140690
140691
140707
140730
140735
140738
140739
140767
140775
140801
140807
140809
140823
140838
140850
140885
140886
140901
142678
142679
142683
142684
142689
142891
142940
143098
143187
143241
143279
143379
143471
143662
143684
143686
143689
143884
143888
144097
144100
144108
144165
144193
144195
144233
144321
144347
144363
144402
144404
144455
144501
144568
144577
144608
144699
144717
144983
145226
145258
145264
145282
145389
145447
145483
145553
145567
145773
145864
145873
145946
145957
146050
146057
146059
146206
146212
146223
146225
146279
146330
146395
146433
146434
146439
146540
146556
146664
146691
146712
146722
146754
146760
146822
146849
146862
146894
146909
146923
146956
147007
147015
147040
147111
147166
147179
147339
147372
147409
147463
147657
147660
147686
147687
147700
147744
147746
147807
147808
147841
147872
147912
147923
147945
147948
147991
148014
148022
148066
148103
148109
148156
148170
148206
148223
148252
148254
148266
148281
148327
148398
148423
148479
148523
148534
148581
148738
148741
148789
148867
149041
149069
149095
149175
149233
149371
149420
149428
149473
149483
149603
149628
149708
149840
149951
149986
150082
150094
150165
150209
150223
150274
150275
150290
150368
150372
150465
150468
150472
150483
150572
150678
150684
150709
150726
150737
150771
150864
151011
151056
151112
151162
151176
151188
151195
151230
151246
151254
151313
151473
151516
151531
151613
151636
151647
151648
151835
151871
151887
151888
151903
151987
152006
152007
152137
152273
152330
152485
152503
152518
152573
152579
152815
152816
152926
153090
153129
153241
153364
153396
153443
153478
153527
153562
153642
153643
153657
153733
153743
153769
154007
154064
154075
154141
154313
154661
154664
154790
154791
154796
154807
154810
154865
154881
155006
155054
155060
155061
155066
155368
155370
155435
155465
157285
157310
157313
157378
157506
157567
157570
157638
157657
157680
157753
157769
157773
157922
158055
158158
158219
158326
158358
158399
158405
158427
158471
158506
158521
158747
158787
158798
158800
158809
158880
159090
159091
159195
159296
159989
160065
160140
160287
160298
160335
160418
160419
160428
160518
160728
160760
160777
160851
160857
160897
161253
161291
161436
161582
161725
161742
161753
161829
161882
162073
162239
162333
162394
162417
162427
162461
162466
162655
162963
162966
162967
162972
162979
162989
162993
163033
163050
163059
163071
163081
163087
163154
163486
163589
163590
163720
163786
163882
164091
164153
164312
164592
164656
164684
164832
165055
165100
165215
165324
165530
165721
165918
166336
166378
166379
166614
166793
166815
166824
166863
166929
166968
166979
167127
167153
167227
167410
167465
167555
167681
167691
167826
167838
168002
168374
168400
168433
168451
168620
168850
169026
169166
169270
169611
169714
169792
169841
169966
169981
170082
170261
170302
170384
170392
170394
170463
170506
170572
170589
170622
170626
170685
170691
170825
170850
170959
170961
171017
171023
171024
171169
171392
171482
171483
171484
171489
171568
171586
192111
192286
192666
192683
195814
196264
196294
196374
196383
196403
196410
196441
196463
196472
196513
196527
196528
196549
196883
197131
197257
197258
197259
197320
197322
197335
197358
197370
197407
199221
199223
199692
199720
199731
199745
199834
199857
199920
199953
200014
200081
200132
200185
200186
200261
200316
200350
200424
200539
200558
200576
200728
200734
200765
200845
200879
200894
200895
200916
200933
200958
201161
201163
201164
201181
201232
201254
201255
201266
201292
201294
201299
201305
201456
201475
201514
201516
201595
201626
201633
201725
201798
201931
202018
202051
202052
202134
202151
202333
202459
202500
202559
202915
203054
203062
203069
203076
203197
203228
203245
203260
203286
203328
203427
203522
203523
203547
203562
203569
204851
205327
205428
205564
205860
206358
207063
219293
219333
219348
219402
219431
219541
219578
219699
219736
219738
219743
219771
219790
219844
219854
219899
219927
219972
219983
219988
220064
220077
220082
220108
220134
220164
220213
220323
220441
220869
220963
220965
220988
221002
221016
221035
221037
221044
221061
221078
221079
221092
221120
221143
221150
221178
221184
221294
221301
221302
221357
221409
221421
221458
221472
221496
221504
221545
221613
221656
221662
221687
221786
221806
221823
221830
221833
221895
221935
221937
221955
221981
222008
222068
222194
222229
222235
222255
222389
222484
222546
222584
222658
222662
222696
222698
222894
223082
225689
245711
245806
245812
245972
245973
246175
246184
246243
246269
246329
246330
246721
246778
252839
252884
252969
252983
252995
253012
253152
253260
253430
253461
253512
253558
253559
253738
253769
253827
253832
253943
253959
253980
254048
254065
254102
254122
254158
254170
254173
254187
254225
254251
254268
254295
254359
254394
254428
254531
254552
254773
254827
255043
255101
255231
255394
255426
255488
255520
255626
255631
255738
255758
255877
255967
256281
256309
256364
256380
256435
256471
256536
256586
256643
256691
256714
257019
257160
257169
257218
257240
257364
257397
257468
258010
259217
259230
259232
259240
259266
259287
260293
260425
260434
261726
261734
266553
266747
266812
267004
280659
280664
282679
282808
282809
282890
282974
282991
282996
283078
283093
283106
283149
283150
283152
283165
283208
283209
283212
283219
283232
283234
283237
283238
283248
283337
283349
283373
283377
283385
283398
283417
283431
283455
283459
283461
283464
283518
283537
283576
283578
283629
283635
283643
283685
283742
283820
283871
283899
283927
283933
283971
283985
283989
284001
284004
284040
284047
284067
284069
284076
284086
284106
284110
284114
284119
284161
284184
284194
284207
284217
284230
284252
284273
284288
284297
284306
284312
284325
284338
284366
284390
284391
284403
284418
284427
284434
284451
284459
284486
284611
284612
284615
284618
284654
284656
284680
284685
284695
284697
284716
284805
284821
284904
284992
284996
285025
285116
285148
285172
285175
285180
285193
285195
285220
285237
285242
285267
285268
285282
285296
285315
285331
285362
285367
285368
285381
285429
285440
285489
285527
285533
285556
285590
285596
285598
285605
285613
285636
285676
285679
285704
285761
285782
285829
285848
285855
285971
286053
286075
286077
286128
286133
286140
286148
286204
286205
286207
286257
286262
286319
286336
286410
286451
286495
286499
286512
286514
286530
286749
286753
286826
286827
286887
287015
317649
317671
317705
317719
317749
317762
317772
317781
319101
326343
326624
326625
326626
333929
337867
337873
337876
337879
337880
337960
337963
337972
337974
338321
338323
338324
338382
338567
338599
338645
338657
338674
338692
338699
338707
338761
338785
338872
338917
339122
339123
339175
339210
339230
339231
339287
339318
339324
339345
339366
339390
339448
339451
339745
339804
339829
339834
339965
339967
339970
339976
339983
340061
340069
340075
340156
340348
340359
340371
340419
340481
340527
340542
340578
340654
340706
340719
340784
341032
341208
341359
341640
341676
342096
342132
342184
342371
342372
342527
342538
342574
342615
342667
342897
342908
342926
342945
343035
343068
343099
343263
343472
344148
344328
344387
344558
344593
344657
344658
344892
345062
345275
345630
345651
345757
345778
345930
346157
346288
346562
346689
347240
347517
347688
347733
347734
347735
347862
347902
347918
348094
348158
348174
348180
348303
348487
348654
348738
348793
348980
348995
349565
349667
352954
353132
353134
353139
353141
353144
353145
353174
353189
353238
353274
353299
353323
353324
353332
353355
353376
353497
359710
359845
359948
373156
373509
373856
373863
374291
374354
374393
374395
374403
374454
374462
374618
374654
374659
374666
374768
374875
374879
374882
374897
374899
374900
374920
374955
374986
375035
375056
375133
375248
375341
375444
375449
375593
375743
375790
376267
377047
378108
378807
378884
386607
386617
386618
386672
386675
386676
386677
386678
386680
386681
386682
386684
386724
387032
387082
387263
387332
387338
387357
387522
387680
387837
387885
387911
387914
387923
387990
388112
388115
388135
388228
388272
388324
388344
388389
388407
388474
388514
388524
388536
388552
388556
388558
388611
388633
388646
388650
388677
388695
388697
388698
388701
388818
388962
388969
389114
389123
389206
389362
389421
389434
389458
389524
389677
389787
389799
389812
389840
389856
389873
389874
389898
390284
390327
390502
390916
390927
390988
391104
391123
391267
391592
391634
391656
391833
392465
392787
399512
399665
399687
399694
399823
399909
399947
399979
400011
400013
400061
400073
400360
400569
400578
400591
400652
400673
400720
400745
400793
400916
400961
401067
401152
401190
401265
401296
401505
401541
401548
402100
402117
403244
403341
404093
404220
404550
404636
404672
407738
407835
414060
414061
414157
414236
414301
414318
414899
414919
415116
415117
431705
431707
439921
439935
440023
440026
440093
440193
440270
440275
440295
440434
440503
440567
440603
440672
440675
440686
440689
440712
440737
440738
440915
440955
441032
441089
441150
441250
441273
441282
441400
441476
441502
441518
441519
441531
441549
441876
442038
442041
442247
442270
442454
445329
445582
448834
474343
474344
474354
493829
493856
493861
493869
493911
494143
494470
497661
503542
504188
541466
552891
553115
553117
553158
554235
619279
619563
641371
641383
641700
642273
642311
642393
642443
642513
642521
642828
642843
642892
642954
643167
643246
643427
643445
643446
643486
643641
643836
643853
643866
643949
644006
644019
644131
644150
644315
644390
644694
644815
644877
644890
644903
644943
645121
645139
645142
645175
645203
645359
645381
645402
645822
645870
646079
646227
646243
646316
646567
646626
646644
646817
646890
646966
647000
647076
647150
647276
647436
647859
648603
648822
649330
650405
650638
652147
652460
652522
652968
653052
653121
653145
653155
653252
653348
653375
653404
653450
653566
653583
653598
653773
653808
653857
653877
653879
653881
653888
653889
654085
654258
654346
654790
654817
664709
692063
727726
727738
727758
727761
727764
727789
727800
727826
727851
727897
727910
727936
728026
728113
728116
728194
728207
728226
728242
728279
728294
728340
728341
728378
728380
728386
728400
728411
728489
728513
728553
728592
728603
728640
728641
728642
728689
728698
728833
728860
728911
728937
728953
729012
729020
729073
729086
729208
729230
729236
729340
729359
729403
729438
729440
729494
729566
729590
729608
729634
729648
729708
729786
729830
729857
729859
729862
729952
729967
729974
730013
730041
730144
730211
730291
730429
730441
730658
731605
732229
732360
732391
732446
767558
768211
6775063
6775072
6775083
6775098
100037280
100101267
100127984
100128265
100128319
100128526
100128542
100128553
100128766
100129237
100129272
100129492
100129652
100129681
100129733
100129975
100130109
100130633
100130716
100131017
100131160
100131254
100131261
100131294
100131392
100131509
100131693
100131713
100131735
100131816
100131851
100131863
100131905
100131909
100132068
100132074
100132285
100132364
100132417
100132425
100132476
100132635
100132771
100132779
100132795
100133012
100133017
100133583
100133673
100133678
100133690
100133770
100133982
100134387
100137049
100170841
100271831
100271849
100272147
100287171
100287362
100287932
100289635
100294715
